POD_coefficients: 314
-1612.4557817067498036
-434.79465450970650409
4527.1867243817778217
1199.2678354267716259
-737.04040222915875802
197.19091923987991777
26.049805338481093031
-113.68180646795296695
-49.096827480155809553
-1.0325956968821274895
32.613174356058244996
-11.226948707075717238
-0.12756546624558956493
7.5796827562103521458
-1.9925445347271693031
-0.3739443573415420774
0.40132450105212474911
1.7083428304662846564
-0.53955733239304493054
0.45900563680238304354
-0.61078743294310589018
0.016763034440403602049
-0.48137872236213335997
0.064860116456364844129
-0.024031207510458774818
0.013163700055737621517
-474836.800073178194
-144360.59837263217196
-402878.68903887545457
-835303.12006035249215
255560.07435093191452
-40974.153095181078243
-748930.5564710755134
-615039.02671689551789
-405732.81497721729102
-1539105.2650623864029
550155.24894178449176
-483413.85889932734426
-970025.90210167760961
-724002.51280455733649
15742.70826561656213
-808515.60668616183102
395748.55824065359775
-350078.9906990697491
-464200.35776146943681
-566125.53939547017217
350724.69585126591846
-330248.74871887423797
226502.04618525065598
-301151.06497513334034
112503.46052435635647
-307072.18859716929728
333767.44150751334382
-159123.78873400518205
95617.021023211491411
-109044.18137687780836
-82413.369121717769303
-74426.458798982086591
35217.836878092624829
49738.579665602635941
29850.416446129449469
-122229.03444267094892
-129.62365988519383109
-177.23767510043103357
341.62076726367763513
144.37189414982196922
-144.45098713903732346
-77.700643123288358538
-345.74087919194715823
-418.75312681643430324
518.35570367611103393
-85.955203663775193945
-277.58855225243837594
107.46824014887916121
-104.17335551764772106
-89.523475072649958406
273.03498513571497597
-167.76975054765784989
-196.11241017793503261
96.503353400478260937
13.703245979506355923
-16.488723531846979142
-43.947468367174593595
-80.727185210512971025
-98.502013191109298873
175.25119445934561213
-384.45820823481784601
19.027987901035178453
-131.73951909689762374
29.163108001205262809
-35.570090619399984178
94.614461385037614605
55.068777494644628234
4.6719291222696019972
-25.340783201581722039
-11.49978292597525531
-7.3123169811024482101
87.35882453762268085
12.869334723487632743
9.3379081356835609284
-17.853662575702799131
-0.11206804141505358197
8.5893876974264369295
5.4802210847200063526
13.066492333150323546
24.585749453212585536
-25.26910237923922864
9.6318235754983696495
19.09354405077868222
-3.0002002359322434977
7.6088899773872649135
7.7748799415993499196
-13.183432954853282482
9.3050097349895466436
11.648325270812572185
-3.0184277822729361773
-1.7784348936152454268
2.3759449787407933563
1.7693239735851888916
2.5423011472047067905
5.4393704958004702732
-7.1754532552907495102
22.509926875920466927
-0.29903724099495732069
6.9402524234535318826
-3.4951869173837488702
1.9058298766496595267
-4.8863236125938049881
-4.2247529741184690621
-0.31496833738648793988
1.5960931098482287194
-0.59190022581592260931
0.32841425107716415432
-4.1635639585857049383
-4.7246612241564021062
0.74698316323049063215
1.9270190024697839704
-1.6166365401044495709
-1.8537164370875194308
-0.67415808694970225101
0.40872574834555969181
-1.9623329434583576258
2.982494733011773036
-2.7798731836378478555
-2.9218873701782421826
-0.65016346339458341852
-1.2449482314864799282
-0.71946017606745671369
0.99514514202389736663
-1.3889731631019632818
-1.4100578735016273679
-0.57929139505165394564
0.77887542185385749693
-0.22531735166965677353
-0.48849384511124116504
-0.3637657589804939029
-0.58604453148891777481
0.39561038186726377175
-3.129069281773537714
0.0046888391168862239913
-1.0182454120278365828
0.63693847980237794371
-0.21311678628476327102
0.6111475841669169462
0.94477171159316497562
0.095766800553492403836
-0.30719639991567226911
0.29243619869266751499
0.0035863438257400207139
0.39127974006457422185
0.91081702297524724798
-0.49993546646749709161
0.16086628040727293798
-0.35285632227747737444
0.15597207224483339294
-0.18037372517732441768
-0.050551000280860465541
-0.48429984728894476254
0.10780190838463893366
-0.99472467635140415787
-0.090999403610859189162
-0.21597288630286043398
0.85735318119797643277
-0.27282944839451922503
0.46463981226999512275
-0.83471433465848632327
-0.19864171909262895444
-0.13241329668372836537
-0.17657434968089386063
-0.10038271185275988995
0.27419946212493184756
-0.59899508145086022282
-0.082437978516925330963
-0.3385100057487094305
0.61733177212331968864
-0.032817071554897901675
0.18373332620879317956
-0.35429303038654341718
-0.08119743664751008505
-0.18644627661385265727
-0.17651285485437162581
-0.096903218768949167528
0.032591071704875594628
-0.13620506784252833787
-0.061592229709374321511
-0.022712411680037781353
-0.0062379236436354984496
-0.091027285200824967215
-0.092039780635772089346
-0.035964701519898681359
-0.0369521061611097143
0.014822911726292735402
0.47129707937113884952
-0.27853483216031366121
-0.018404948354257464477
0.16566777809864441373
0.10564161148647435717
0.010432233156450768097
-0.11412137223717246093
-0.097657590453757922577
-0.14505029107814410017
0.07536412776579591577
0.012743831083264023016
0.11707175040756032103
0.38454894523510907423
-0.076834600992872231773
-0.081097525509007895028
0.010551856629526210757
0.020176743344101143868
0.092998983919291650091
-0.23298647606216396633
0.0034813425727276930792
0.017145433657984005676
0.045764680083890098283
0.019869944372421410178
-0.0040170257709214226421
0.093227076934868077784
0.019075722180476078343
0.015676974261885943257
0.024416322817978522441
0.0029508036654786601316
-0.00098127093743792092456
-0.069612411995806852683
-0.056332472592086929586
0.049334471987157006712
-0.052294021136490557999
0.017790312157450933334
-0.015340934576962403715
-0.16399699887925464625
-0.060893234240239346722
-0.025045372434651817783
-0.21653993397772414164
-0.026527474639275013674
-0.0023466387658887264203
-0.075819686356841095587
-0.10496085694637863339
0.058835268003452498298
-0.094826537257217582977
0.015750207226982882586
-0.076837259545374403391
-0.14296148792458440724
-0.039065986307545055856
-0.011754324569598996464
-0.074161822633994345377
0.021278324621368447517
-0.03797064567144706887
0.076053040180238964951
-0.033646296801531590248
-0.019091664165671273085
-0.074669559672365562464
0.0084255285348479123236
-0.0034437332557255831075
-0.0076575827943901981706
-0.027997490835354740119
-0.014834411806019397531
-0.019247078758018561911
0.017170768810165961543
-0.010511995751368690896
0.020531580419927548259
-0.0079257164448220882025
-0.00053574636267967408378
0.00055673259832923717091
-6.8023004508837011457e-05
-0.002042182012012271411
0.040468978081944273484
-0.024960787465774621902
0.0023504009697259916657
0.0021468471054952717111
0.011584618363056582713
-0.0018813974717307299298
0.025918066663902439989
-0.015041661087009066192
-0.0007684452652282460286
-0.0077346253567733089934
0.0017765169546460016919
0.0009937748917078039531
0.023553964561800540267
-0.012494946131181024207
0.0060643831653488002031
0.0035268018861782132571
0.0075782377674914400134
-0.0049284158410478166867
0.010496434769387870053
-0.0049081908861969177071
0.002059855593016804258
0.0028645598391232283964
0.0035020942688008009289
-0.0015606862357552854503
0.0065534532581310771596
-0.0048810914778734584146
0.0026341719421262271145
-0.0016348694827832477901
0.0028706542500514862885
-0.00039275102007068995015
