POD_coefficients: 26
-1613.0650045319689525
-434.93499361762451372
76.718975910026784959
67.491413245482533512
-7.443408997472679367
8.0709203173424945987
13.650007998251249219
-0.95271247882815035535
-123.14704469990559232
-50.136942988926314513
-59.211563006892269811
138.96016069713505203
73.364601694632199269
-87.459282334677070025
111.7751321681143537
-40.908296022497033562
50.53261306781163853
-90.43341821670928482
46.082841646261329061
-349.75551246803178174
-261.51674481819554785
-155.72579367662459049
77.634620528683697671
-67.180995895085260372
12.965327548865170471
-114.21170486329873484
