POD_coefficients: 83
-1611.9093779034085401
-433.9651007289349991
212.40769134232638748
295.58959208791486617
49.49449175133945289
-0.53666218026866496782
-21.003887486501543691
-4.8569474871332873889
-0.1997557585057889995
-1.3025944257826931327
-0.88425624626292165242
7864.0655519034125973
-3542.469231814342038
807.21527961642914306
19183.045853931191232
-3119.9787393672731923
11587.37727168570018
-87649.737453151072259
-21712.144827491716569
-5777.4490121203898525
35818.455249750448274
-9218.1454537334757333
29016.290919775532529
9615.4062874286082661
-12889.437285363041156
576.31350337301876152
12408.993861049573752
-5414.5720576296535
17290.431062302039209
-30738.109579758103791
-3617.7746880261120168
4966.2494048205198851
-277.09613691048485862
-679.24462106260079963
2499.6885596214983707
-24.405305059435612236
-1.3768906867093966273
-14.996635415858134976
-59.040100384546278178
16.06290964128897869
-26.629630049449893647
299.45946768818663486
31.393630680454919002
-16.286929706058430156
-160.43287892405513162
32.755556461134233359
-88.947110255406300894
-37.802652523186097255
14.635708393678417139
-6.4560136859261527675
-75.213073624338548484
20.685817084687219136
-38.551213405848358207
98.249115102109030317
-0.69632504382172000224
-19.013603680970255994
-15.778976125462882862
-1.5968480339767792131
5.9455453548841408207
1.4692427034531450047
0.29190286500938461556
2.6187027617600198148
9.7141502965061388153
-0.8306382023798929426
0.1822549733575720976
-28.285441410659391437
-1.8032133553968801021
5.6796601996230151599
20.194266397918674727
-2.9090285747014883455
4.8312060276847557105
4.1131168041080288234
-0.19432706445508754478
2.0929754132189506421
10.449194020641044744
-2.1715943938198409846
1.0713382826853199425
-9.206780506090106897
0.4367340559674550704
2.1066767592387316554
2.9056166977236514981
0.33937693519129119579
-1.4930527383012177634
