POD_coefficients: 2870
-1606.051494921402309
-437.60644873763084206
538.27117311979236547
337.21769665753828349
124.46809578988232659
-31.42340224484387079
-22.154549545495115126
14.652339885831223043
-0.80715989861684667162
-2.0639069229295436969
5.2586901480303067657
5.2890103499034921697
0.46938162921002490879
1.1375895021407216312
-4.8775738290679546694
0.37655931470979081555
-0.18610775453020378389
1.6960876830996953757
0.45941428190903982332
-0.5262694598447769101
234523.08778597813216
-88396.256633472352405
79215.102403100841912
135547.04275526292622
51443.014725075241586
20657.78805087283763
406536.54291325737722
-85560.680145405654912
120791.3328255899105
349626.98147899867035
111810.48012476124859
108593.93298655089166
495282.25722611614037
-87399.180576798695256
76489.233409050080809
203726.25009254543693
72989.267699602758512
44272.905777814587054
363847.69434724887833
43524.77342478378705
27113.628320237447042
70250.511299694961053
30495.126093682527426
24542.776567786444502
199784.46228294525645
-7206.7558036134432768
5592.4205895652039544
50484.156750457317685
10362.557999540311357
15298.938640069060057
267.65009411650891025
95.106717244498454988
-72.688372373112827063
-67.508923168703233841
-99.551925526854404325
46.535415961583908029
1356.7050848955159381
260.27557864971646495
-83.849052563132602245
-397.46923647978724148
-287.27285647103190058
83.505319896270989943
302.90926462623798443
199.67695832636115938
-102.7464177360232469
-94.92800773797567615
-140.29524193605098503
76.639130322319786615
-92.981636430096415324
-80.79811938215959799
-55.373303215940843813
-84.144670104933368293
-74.590860369579871758
73.883212191439326944
-131.66100922741830459
-25.049270169393469843
-19.442289960658946768
-102.77469620756966151
-31.945815997367486005
19.856747297706160538
-115.30091071764692856
4.9448114158009524033
-9.5496171615354406015
-6.3753238773785367854
15.250413320411313478
-12.906661137884258395
-369.45006355930297559
-37.574659317977229023
-8.662694243245883996
15.093430894951058718
51.088883476377162651
-32.993447076568457987
-181.81523964457272768
-21.695214745137562318
9.8478275401282111545
-20.114548644306236014
22.627105842785042
-25.259957634916474944
-63.455793033224594524
4.9626374251994409548
6.8639186716548534761
4.3951059112454329281
11.720632303653635731
-20.082620696666925397
-13.543281359002738995
3.9277315405907433643
2.1089066283912472066
9.2581715921907807854
4.7961351676723520399
-8.0787590926752752551
4.4251718953719567651
-2.8718100317493746587
2.166180784796296166
1.6605023549885729039
-0.53506983486916215309
0.42583677299415129136
19.709032432041638572
-2.287049089753997233
-2.1115449833659267753
1.9667148337569357874
-2.1903080797396996537
2.435157043943156463
12.880832712058314371
-2.8471210351137843375
-2.750866345889448894
3.5641641784820277117
1.0725164502369008979
0.7507355703620216536
5.1888378349924844102
-0.67555451516962405911
-1.1033205633880793783
-0.6167479505931727779
0.43501995746851357394
0.74776532202784440351
1.9403583320542687751
-0.16355511623673821275
-0.46745181453424583529
0.65840755627973646114
0.1855059856530486273
0.75155043464226900518
-1.3012275787817986217
-0.29182005567288915593
-0.32462451302378081408
-0.049796358623004750854
0.00055991735458995250604
-0.15371371897879249069
-3.4458517970853961288
-1.1877868245984448681
0.046799421430939874833
-0.071111653533070917632
-0.13121547932340510423
-0.38540447761129575932
-2.5449065109085715619
-0.7312279728741949425
0.064702962362349347725
0.414652024020425225
-0.040012272638617681075
-0.41591833278532203133
-1.485024810495394032
-0.650667806334042087
-0.49773774793657904469
0.39486470929298633781
0.15818703645243131772
-0.49255499888363146743
-0.89579367414732002928
-0.46486245426813826986
-0.060767253987848421359
-0.012859552207788890049
0.11976582648041524115
-0.22135321845058356094
39127367.293026715517
-4237788.8447757614776
2748849.6067769834772
1802004.6224282553885
-454533.98729729303159
-81918.140599310456309
3032356.9308323278092
-441693.46162740851287
-6176.1440224160278376
1261731.436434504576
-41338.04030166004668
-135219.20602164292359
-403125.27090641169343
20268.323439116196823
1300.6746345959941209
-48184.143959846609505
35720.745002400108206
14913.566886554390294
11176554.745825178921
889335.80289845354855
-998787.85609127883799
-523926.81248061568476
31980.605986488222698
-2698.0263209018212365
164313.669493301888
-7185.4110453730700101
40998.604054977091437
184758.57312857577926
44852.726698952668812
9990.7660813609672914
-58753.630297961179167
-25744.646906991431024
-20405.133348594528798
14674.408151259764054
14479.411879850536934
21405.187298528813699
-9815932.4863147456199
-1401039.995442082407
-2977692.9196396511979
153652.70114442158956
-32481.046741843510972
92715.790794777785777
-96886.806864588201279
19538.235945360258484
-45008.716514909800026
43373.149236298515461
-14940.788494797667227
-10847.083509780140957
-2461.9823207435993027
14917.91440403647357
-10660.293456758681714
-2580.3439603757337863
3218.243137644388753
14639.693668267113026
3960881.2357028555125
-904149.14547223830596
4711081.1121953558177
-77428.142687125029624
-17329.769938877561799
203972.34042987745488
-91695.999946642652503
14776.429936562057264
-5320.2804280952577756
-141905.90478719549719
-59500.506909728079336
16151.348785398909968
-31373.075010197069787
35146.269673092669109
25918.100970230683743
29427.036500932586932
-38302.744886659747863
-58699.752286597562488
-3718417.0680516334251
1037431.1081879416015
2013501.1901225703768
91736.606576114863856
6889.1679659124765749
-81346.117596805575886
-91051.738029099768028
15619.182077967334408
-3970.1997329426085344
-120625.83820006051974
-21387.592406996336649
37067.153843670501374
39307.890775400635903
13172.838668476204475
-26905.18073679864392
-26259.871883464027633
-5146.2352023542161987
13186.342109692905069
1597416.3336947301868
2034816.1975490301847
214995.25052487058565
178247.48288684969884
-59352.251246971638466
105801.29433118575253
173383.2634459992405
3502.8762973843263353
-22322.684679046255042
34137.393174447388446
-4365.1623172851868731
-28790.667818978039577
-7619.9211265930234731
226.67803840942710281
14962.313613965137847
-12864.611813625851937
-4462.292336860146861
-17385.688110604725807
203917781.27058538795
42611369.003217451274
-3630889.785967245698
-11964632.314301881939
-1769291.3384738145396
4766145.2489298125729
-1466961.8878470258787
51270.277103278589493
3676706.1323663000949
247265.62495820588083
365430.00944934802828
1520635.9431618952658
6444.9747694624056749
-51683.645165886213363
-766349.52134476427455
-31221.807753863580729
89889.305432235516491
279959.12466726195998
149361446.05178546906
23606506.086870457977
1025911.1523782421136
-6980110.2088461406529
-3494976.8168918029405
-1258871.704014495248
94143.926893193929573
-1600101.4754113303497
-513817.13267871970311
944612.76025444525294
-222236.54399332456524
-11425.919012688111252
-406319.386339583667
70789.468460592732299
-66392.733692337365937
210077.43699835863663
1977.9444753250993472
39882.224684904656897
-5364279.635662689805
-529530.423439789447
-7165495.7671417370439
-91443.480600006980239
7315.264118185753432
177080.64601447747555
-432493.68095875001745
152072.10099228125182
-95046.07846806559246
-155466.46140292240307
-693.91652429207908881
23995.724861919232353
107919.27673032450548
-1263.2225911572281802
-55274.756648065071204
-11081.23909452051339
15181.206024141822127
55516.47497308938182
-25403856.67600749433
-3266585.9870251119137
16202862.423605432734
1166475.5488016775344
-116046.93298663207679
-64212.799775070292526
-68150.29999775714532
51585.971847024680756
-63553.549997243790131
-105872.17126650050341
-133766.34625077297096
163984.29160396876978
-185267.39198932849104
79194.009312983645941
-23352.328696785796637
87092.855111991651938
-77987.203647940972587
-87667.395132811914664
12899471.234757332131
9859762.6845094002783
4963291.686354143545
-5998600.0765433739871
-1414007.663845060626
-159269.74962433776818
-3499621.9352217139676
-635172.05447253969032
62294.884444211696973
-945402.52626009623054
-199908.43215265567414
122207.08098442078335
268868.69017182744574
51182.647886456572451
-70161.455504936355283
-21850.033867789330543
-2922.0552727099661752
37571.375121887300338
-57053280.762678645551
-10096600.419604159892
3557121.2328895987011
5134600.7862207703292
1027057.5054935361259
237373.10113269265275
1467877.8009039000608
369645.58955081773456
158810.63450040770113
-71283.408760633319616
-21193.662893320222793
108086.70534555589256
103707.20196296577342
15505.774240897380878
-33913.929203197643801
-146361.10793833542266
-28825.892056727185263
-3225.9677080114788623
136336569.67297098041
3578603.9594294521958
8906443.8136432953179
-11153638.571728534997
-320573.64402678707847
-270398.5195647883229
-2051617.2918598491233
44717.004178665141808
262095.14300295713474
488752.16386887984117
250106.76878156026942
158035.07380322023528
-182629.25357502893894
-66499.325460721884156
-168583.19612836735905
-55581.518141681241104
112883.42043576037395
43882.933916082125506
24161618.331297222525
-4336158.3146158279851
5146951.0847650235519
-175009.77574868951342
219533.02271812813706
-709036.60088701581117
759011.14937993022613
-26202.217831859808939
-271410.29993864800781
374833.80336193583207
12465.257265711867149
-16157.305109111568527
-135719.3125503246556
17877.481407326376939
-23436.849829159455112
24553.227807486084203
-12831.571088450893512
17050.223413326148147
-7704658.4982186369598
140228.28787222338724
-186760.94983479977236
-20856.447503382507421
-147188.37004560112837
-181669.17838232239592
-234437.99064406298567
-48045.666141989015159
-76097.005972121754894
10429.822683475646045
-71686.242941516858991
48443.508948875831265
-18805.871628441153007
27652.709025353498873
-40245.570472232764587
38129.626381337067869
-3361.8154509550067814
34139.46641145421745
-4842224.368614802137
1400957.7293434638996
6271365.2262021852657
590289.93046388449147
-138520.04708595763077
361706.23822382843355
68288.086479432706255
89016.982854875503108
46961.738272746464645
-123863.40238602706813
4212.7888229092750407
44304.731042616571358
-65628.360296157115954
6282.3250539935288543
4633.3741364276993409
27571.238173980142165
-27259.795243824326462
-69841.191288622576394
-14236954.79188112542
1253905.2135453026276
3212644.9537553023547
82455.022760651903809
-114731.84475771221332
-161468.47289421100868
-336373.27799524832517
-37523.648724819286144
-28147.431588666746393
-169155.66865117812995
-35530.536764826072613
31220.978149153113918
36389.201305883165332
6291.0676768043967968
-19626.902688606278389
-25117.286077807024412
317.75234827503135193
13327.45362464608661
-1178350.2671924089082
1997375.0901642420795
2925648.1679854243994
-262998.23189103114419
119769.85674073544214
-167033.42078146483982
-219235.94221873825882
79138.1617776795174
-60405.656737012664962
-141759.94687284665997
-31287.08585668894375
46720.846430603829504
64311.607836314047745
19092.549634017203061
-20698.370298579382506
-50729.838561586664582
-17815.173796989667608
4317.8413146313223479
139945030.55717855692
21364761.95836109668
-6457254.1464274087921
-13534197.83322067
-4373023.1446176581085
2237397.6741186301224
-4524173.3308538161218
-2212627.5492933401838
1437977.9042018302716
-970195.46772098296788
-477201.24254754494177
480636.9002314885729
393426.97684694279451
180645.93363379876246
-227234.46279412458534
-183323.86678118281998
-2664.8940994169720398
60016.246730251659756
63751550.181459143758
11094934.452032575384
-455815.86585785337957
-5429379.468503376469
-1584941.6185561467428
41463.213499631972809
-1466797.9588899021037
-676472.19117856235243
81117.359404080838431
44344.317845965502784
-125777.42888225337083
104416.51301170900115
-66125.421697622616193
42416.348927513950912
-66707.527518737144419
68866.395166210393654
-3337.619532018539303
23365.770566151764797
24609649.076880477369
-84826.086873135645874
-1265643.8165900637396
-1195764.6810001512058
-22539.269713461515494
-1462.427032040699487
38200.048652817575203
-11563.70970402144485
-27861.774121414124238
264994.29227019293467
-26874.083403571254166
-1386.2763341292522909
-122718.95110553027189
9677.9594978633194842
-8638.3982223535203957
71315.038144876758452
1257.8899879291393518
13466.241676106077648
-14944183.939222065732
333220.37294585298514
6199509.6723179686815
425433.19518210797105
73771.663598752973485
-56212.251705204143946
-437280.64034225960495
75800.717183150452911
-16296.341485326885959
-433215.29146232840139
8952.9467920277784287
4077.0453662364038792
144015.37835428825929
-2066.8673254334498779
5777.5004072677720615
-47198.678012555872556
-12652.057767130063439
-31118.463632283477637
-5344959.4289337191731
5587059.3094150042161
784795.92713471909519
-538986.61597115069162
-617273.61517687700689
229496.59928931249306
-547992.64640364749357
-225786.29146282697911
143333.38269261652022
-236045.10688582749572
-38758.00837339553982
53459.501336615176115
80599.602793512414792
4505.7054020829318688
-27659.640773189566971
-26144.031972553464584
5962.098335422873788
8795.3850752301586908
13463589.032753925771
5490665.8350325049832
-2330125.2209593919106
-3934546.0410362114199
43866.027854823238158
603260.04905439238064
-2049083.2132588860113
181427.20954504227848
355453.60938505904051
-502390.8018938919995
75016.723581945130718
156666.8474383316061
178152.28889550152235
-22398.352703485383245
-63602.298666444527043
-71042.630723565031076
-1405.2094477878365524
17999.734781422233937
-81369852.570830360055
-9539946.1468612402678
7560134.3171878997236
2648091.9157466809265
1794820.8833221253008
-767062.44489447679371
-803172.43288658652455
913022.91843911190517
-329540.40829398547066
-1024123.5300530523527
259329.97239378647646
-115643.10619073892303
513108.62801332504023
-72570.834037113425438
-11675.769040634380872
-278367.04419697728008
38436.68062812678545
13174.864227842885157
-5799307.943611683324
-1141058.3628873024136
-1994986.4862317824736
617748.11313178727869
21911.563888584216329
667535.09457960631698
269119.10391533788061
-9629.7916299646440166
379882.55441280524246
94183.086008253099862
-24341.271767076119431
133236.5339832980244
-27948.806857094172301
11632.699243324816052
-59959.088747338617395
15290.264594668260543
-2372.2908956350056542
24137.661834690410615
-6269859.6166067570448
-1019032.5528451056452
-352456.89173279161332
36203.236409734417975
74500.345919822255382
-27319.547964126515581
-90921.516316894398187
26487.402435976906418
-52032.292940835817717
3562.6600314141251147
-2976.853710964516722
-35847.575710119475843
-12775.841329848764872
3357.3498144002637673
14329.951737714274714
12586.694041837119585
1321.2936172324866675
-1729.2446367924146671
20989919.39425027743
761164.37192290381063
4545203.268289135769
-79641.834428251662757
11954.279067511179164
-160723.17739856048138
538891.42206061887555
50889.241281242626428
-49925.912012321874499
255651.89026709555765
17705.285174874505174
-5569.9863695612466472
-90148.928318292702897
-8347.4964449175840855
-152.87380634692257786
36184.364952329742664
69.921109935667629998
-10491.107210711821608
-9693968.5191311109811
-1323.5344552125627615
-373139.99695597676327
1215142.7885130241048
-2813.0882220496282571
224325.14993261476047
599661.11085650837049
12728.879004340999018
151050.56853374710772
213971.0255522854568
5184.5461954339680233
61817.050643864684389
-96260.326841993199196
-4338.8622487506036123
-23760.903145584143203
23563.002830036290106
2071.9083984532926479
7741.1635324634980861
47053675.800411514938
2075950.6943511904683
-3764685.517801489681
-6213489.8251265659928
-174242.15892285585869
772518.18815799045842
-2530094.9490445465781
-40038.1517122602163
420524.73155557271093
-426637.20058036234695
5791.7459329215107573
134825.59366692992626
127812.27816161701048
-5543.7161159178285743
-50535.935493563163618
-1454.6609988911638993
3959.5988038929290269
13950.127781521247016
-100638.70231031387812
22869.519003114321094
-11194.344074892342178
1373.5863378261860817
-898.51171537831703517
1038.9389150579306715
-3260.5941896781896503
234.93063175934659625
-106.53458507314689996
-1796.3651259507278155
-244.0109899396625508
258.51569909940195657
460.23217376155821512
95.777565548366695225
-9.1145412563968530861
59.991801321648630108
-155.30917046825254602
-115.55025362650420107
14485.94467642213931
-976.19038352219524768
-505.1082165304726459
308.0481700848962987
-28.836357760147080853
-139.34071205809945582
228.11713175448451807
42.170983118734916673
-109.51007078867488076
-22.074996705576488409
-16.678973704126434541
19.199200863164236353
25.96895909705074601
0.54872722225615577774
-14.410013810812650092
-3.4027037572462441872
-0.43688996952098202442
-8.4416350676633289396
13970.888662012506757
-452.26213871699718538
2834.7818663403500068
-23.589136772221667826
73.718103345871185184
-107.17386406031633328
191.96758007358735654
-32.786936988381086167
9.7430337432026909994
-34.413658916738022242
-14.044732688768702289
8.6527473765129823136
-30.053868524112196781
-17.680015015948651325
31.371635235129161856
37.715538514722204866
-12.156845558709497013
-33.913209736327587507
-32964.541479434716166
-2708.5121273472368557
-4155.0118480020619245
413.14112459411137479
13.940923891149953562
-181.61205790503802859
-390.55540011199644823
-75.081281625460746909
85.570128180441614063
6.6770551656243144478
27.903810244846223299
9.3140685120387196605
24.569547395052058647
-52.559789490785533417
-39.500708210279498189
-0.23757107607122632253
67.994554227583293482
70.802168431819623606
-8949.8009711258309835
-1464.4540798716802783
-2219.64365500452368
149.65792313096488897
57.787151436774912838
-57.920051227605434008
-183.64866046593175497
-8.8269010042754576517
18.215432333774725038
27.171014179754461537
9.5714500684112469031
-14.984211511524913263
11.5429855275260973
-2.9029378318337757392
18.137375775977972125
31.442279533676405379
2.5629816359853903052
1.0474030892244894364
-7201.9379661271850637
-2368.57525960623434
-378.92199801539248938
154.51293818699826943
-26.462016845218997219
43.393011431344483242
-153.58478582449967575
-3.1423357574563333117
25.558556406262805893
-64.626917372828145858
0.27452794156724802388
10.794580571601073871
-14.723955498908356532
-11.015994043941638836
-1.1606636779134644755
33.129019943542871829
19.674783773313603064
3.9245341293661839543
7355.6140634344210412
-54422.337249987212999
-50248.912517446988204
-14340.409719341427262
-2097.3538553249995857
-1067.5883989056512746
-7346.6575218684547508
-2464.0149176733398235
-4343.2141186819790164
-153.76689293931420366
-1582.6640263089011569
-2603.590752179100491
-489.51531974312285911
455.89920530431055568
1444.5130643722050081
271.46381272180332189
-254.69804215492010258
-774.33740664024958278
-207926.63888832417433
-72229.311400322301779
33526.543883125472348
2488.0436750539315653
10239.47054901995034
-1745.8556167871067828
-5091.8810056941456423
4655.7901839159121664
-613.62607249259713171
-2857.6197389097546875
703.94528739192844569
-87.019689719709589326
1191.3238641036055014
-235.11635677448538218
95.754510023664479945
-440.91664588685711124
1.5408195491482512551
-21.944708315979116975
-26719.284267654064024
-2761.4719021761752629
25281.573356353215786
-1998.5583755595582716
180.92778974300412642
-534.99949123171415977
-1395.053346776177932
-186.19720481443641802
288.39427621071746444
-260.73898155351986361
-36.286575194599315353
57.435055876140793885
-81.975733828331016184
16.172786481740310194
72.515654392443735787
25.933155482688828641
-37.827961984115098915
-106.90406313208788447
32333.212770462389017
-7598.4830730693875012
-29212.722421289923659
751.34547350055925108
664.24992920513091121
7.4131926572037611933
1598.7142943772223589
-100.22967089187434908
53.623217443608176325
575.02702661397279371
91.76055078992054348
-177.70942902554472198
101.41966281799659555
-81.511593102073589989
5.0801113938790276592
-62.291758942815917521
113.37652506002901021
127.27955180639948196
45897.760601955262246
-13275.703549034080424
-11188.177334210698973
5404.3804652367389281
2024.9482924855474266
1818.5113294928630694
4887.1532559522420343
884.84483307165055521
995.26119281660544402
1753.0004486500433813
285.82848283116896937
187.09188654210973368
-528.51170250898633185
-66.088518975716254999
-50.216215564372070901
153.17647102074741383
11.709770128637222442
19.833127252574378474
-48598.221755018719705
19175.67297184133713
-7829.2686555168838822
-128.57154149914390473
-518.23338154596785898
332.01418722881720669
-1418.8318390462727621
266.13744805125389803
-287.01324116875042591
-513.67616447340037666
148.4759411577547894
-288.34337002782376658
160.5356182467799897
-75.991241193347903504
131.51595566979685259
4.6476891560182682639
49.405910344055492089
-66.366826581472665225
21042.041789057395363
-8939.2984315731919196
-21964.234992436828179
1607.1121917263826617
355.48698000779336326
2732.6346640577562539
575.84673297835865924
-374.90056468799929235
-32.994814084306490543
-172.42736848827928497
-947.80543565628090619
-179.77879069399958212
-129.08352673188571202
372.92649646478986369
205.23751462654271904
160.14088123539073649
-352.92385529555463108
-131.37881075155175381
17215.31093665458684
7772.3793192958246436
-4328.7447699235663094
-337.20562311405529954
-353.58995048585001086
283.44937710279731391
-177.51494346681505476
143.98179598658927603
133.70737428177787365
-85.665506378098456253
24.422676004623387058
125.9919446354032857
63.990883346154866729
-71.20156867432024228
-51.269909200571454733
15.003597866657905513
45.683253986928704649
20.827584415169468457
-1149.9676825695803473
-957.21493132254283864
4015.5772898637051185
-468.33981313987567319
-0.79659385124404280543
-133.79301097466051829
-265.95865168899024411
-39.802036794077281456
-17.939113075013501941
-160.60873888330141313
74.004929631267060586
-65.518496062940442926
71.023695485226781443
-25.163116002619400291
55.588055243380104287
-60.850462388652076129
1.6543048541822988895
-40.694955120301493423
-22400.139664181555418
-2076.3930569106028088
-8293.0077533695312013
749.05604835207714132
306.73498124019999977
-239.71628149442059907
276.57316868395099618
6.0761148876847075329
269.53611817693558805
348.14567999083783434
-7.403907179802295957
155.2433812309488701
-36.944481066003262981
-32.843234986664000985
-83.098583090737207613
23.775257123126873893
57.936240589654467215
102.32476843565686409
9102.7003677359771245
1099.6129386385309772
-681.98446311734107894
-230.60596680845199558
-205.35666311382851745
-101.34484658298684678
-53.209920509199612582
-120.4941535398144481
27.156870829766635467
-34.49826473046576325
-6.3767659565140544231
10.034267996434886427
68.175275151194739465
21.49612413024875579
4.6576974029269200273
15.509026397913274309
-7.5967838820879265427
1.8021132292228621008
-16418.856717906484846
-1925.9095597572888892
507.33256435397947826
1113.0255652582804942
44.677696724630848735
116.50447372390379996
174.16818252001004907
57.30387954600911371
-1.3994704132467170599
-26.457076472897682606
22.870382279371249012
-56.137337346443196395
-33.981088135209972734
-23.748706472827915803
30.582373651774787504
46.275494817142835302
18.056639223887742673
-20.875165714031123088
-192698.7525242526026
68131.599301301728701
-24218.705032457593916
23954.615125935266406
1156.577513763471643
478.90929577233060854
10428.971239943362889
3124.2431660007214305
-978.10209566683863613
3747.1614639485969747
1192.5879937914392031
-563.97868688624885181
-1678.8178274779343155
-525.10273935425516356
332.30307905708082217
795.6847160341359313
128.15348886787876381
-184.26086318976715006
-164171.44447801099159
4088.5511980136120656
8683.1159141096122767
15685.907059499180832
747.75616201635386915
-1057.0479570883503584
4505.4438234490608011
590.5266663131740188
-451.64457136625765088
-275.82051922474630601
214.18977619169723425
-148.33277836557104479
342.49869329890299241
-93.170078474435470639
66.184572761967658039
-301.48350380444151142
37.780693183272816782
4.3760914685391654189
-50171.940016028012906
1536.7098579982059618
1905.1440174163510619
2071.5954642973824775
166.02964913325112661
309.44869695673031629
-377.18990560715269567
160.26592822327054932
306.5267184475266049
-643.0061969701758926
97.1427791437721595
128.74710805657372248
301.70626812419425278
-29.491232002961186964
-40.277671422273975566
-151.54932094777566931
3.4018508932693936053
-1.1639102175458821975
-51937.894450621242868
-60.239838309153448392
-9754.820874659850233
1688.9650379067388712
-312.53375849850669965
221.00201917590007383
175.18707861713554053
-221.16478299263934559
113.61379518025694324
235.13462914951591642
-43.399059248291159463
22.541230359982314724
-134.16114662602439012
2.4011490277399976101
-0.44238490438189659315
20.426897316425591811
25.72690444115115227
31.63473552830479818
14392.236625081837701
-8017.9220525504006218
-16782.781501573619607
270.65278706217418403
690.62429133217392518
1147.7638541563364925
548.27093462352968345
183.81858725750964823
339.86675204029290853
260.90327015561831558
-0.04265154333653851243
0.76483756632747623705
-68.150202843320471402
12.066123400882744932
15.541576079601512106
43.467249862755807044
-11.521314711359536886
-7.3161594529270592702
-18340.168447087391542
-12837.829888024360116
-7044.4162894587607298
2996.0048796703413245
777.6874491706759045
964.91027624616219782
1167.7271540110898513
147.06291579058327557
340.41808182289327078
96.555127846202836395
-70.412239863276752772
-18.822429331615769144
4.300767111194098824
28.577921254673690044
30.369115930724156271
2.420327195617871574
-1.0121973707565030676
-17.941625706457017486
392763.29501983814407
11401.082423757912693
-22268.256267967710301
-20480.918188456573262
-4982.3537714072781455
3059.7511441154724707
-846.14659308967998186
-2970.6554671462918122
1418.6483006658465911
3019.1109248799393754
-1013.2479868741270366
571.74868212577189297
-1588.8172021033808505
314.00890970629609456
-109.85738616173291859
827.68645642608566959
-158.60088271953938488
-1.7791296192455001712
12028.533719496223057
-4504.1039071729319403
2003.5687246398149455
1263.9712096186349299
1127.1183141124222402
-1229.2597193207636792
859.34377283148830884
547.59400691277255646
-665.8968822904728313
31.027545811755668836
166.14512677274007046
-174.62855626715867174
9.0108849804135271455
-66.887777515507693238
67.257026885669176863
-40.983498045551201017
6.1442716065502027689
-23.283128840976655027
1175.4383667485753904
1352.696447698124075
-731.32406550194082229
1463.0280442273333392
-20.379812977697945087
54.75905271785732964
763.03464495709090443
-9.5399923799723769235
106.00927239246416889
50.424533604322945735
6.6144235972877893914
86.780284962040909136
9.1177086445391477554
-4.7059844969610473697
-38.404374066958290257
-32.213148321750409764
-3.7811139061976679621
9.6696976659979227975
-113924.37394859397318
-5464.5839504343593944
-5287.4338546296921777
1701.1298973211573866
403.28534204285551823
633.30220707802436664
-2186.3233532104345613
48.417351982129758881
333.10580690688937011
-1257.5488088567224167
-20.307108668727792633
64.088393135654015964
417.47129339506022916
11.920771564949253829
-10.400107206932672099
-161.90544250487442923
-3.8104759619120138758
16.008639055720170319
-28677.528093119442929
-3352.5234880021334902
-6323.2257763608740788
1615.0530239824236105
172.04147279784450575
317.18947692936853855
-190.27000670474350841
-30.77552701878162722
-16.618449028849710203
-552.02666410226186144
-43.171424808089483349
-94.018952535210061683
279.26663862433935037
21.081067886713722004
42.814260096914622977
-117.5213207492599139
-8.6066823042272968536
-14.934158691788697482
-24605.409126142141758
2681.7648463593245651
-991.74187252754245492
1835.6639594421264974
291.76383495034656335
-69.493255403399558645
262.22124879140602616
236.06978745484661886
-146.62775159253212109
-205.27776177965557736
54.144510191562183365
-86.369250502528373659
100.33625936994567951
-15.569225330524798068
40.594993085592150805
-43.585203610938677343
-2.825329589959283183
-24.615273393874925745
23730.451929155024118
684.55221447232997889
1142.9641417263412677
-1936.4929799588824153
-85.741061791277246584
-49.773428050860935912
-474.17020396036673446
-70.060761190833005685
135.38271748324604005
-17.386405839927107309
57.916177019243782809
17.371692380308498826
35.669083831790011629
-18.472194615769019777
-19.934089524547022876
-9.2146365109439489771
27.31772347710287363
30.227378423623207482
-4177.0843346223418848
297.04803653951597653
1088.7158199726115981
61.670703190345356859
-1.0721475619427554005
-39.436113919294726315
-29.504233698537738917
4.0706122712590433466
-5.0954825155563341355
-9.2932463351585834488
4.2540184939888998628
-10.935249111221811091
0.8641872537430620449
0.37886615045052562945
8.5379147727921989031
-0.049229893859587994798
-0.13582428507673477425
-3.0040478914331827376
-1603.2839171975911086
-114.91937101189053294
-238.72112162270676095
-23.764441778753781165
8.8773652569191110473
-11.177553077530024694
-18.671758082359296793
-4.5258751701797423905
-5.5924819087836867837
5.9690982431331800484
1.7146079226383670324
-2.8992654347621917843
-0.55577799707813790864
3.9111416367754290313
-4.9561851549166417996
-6.1530019962459308047
1.1226096512956977858
6.2733433843964965249
4187.0789768738732164
-399.56169039012178246
606.97979001041437641
-69.434539853715079971
-3.3621410661547836973
-8.0448343542812565943
41.170360866110080167
-12.781419626134827183
-3.4513222975325708042
-9.7341144952013518576
-10.866511416988258176
15.808036567848651188
9.4635069038525543306
13.496665169103399862
-3.3569888213098053598
-10.335621078188308886
-11.950777048365871735
-2.4645882999918882206
1026.1120717683568273
-240.29656829839564125
199.92704479939393991
-27.732821156416292752
6.9189465283223556824
14.200420724541036321
19.82846360925594098
3.6205814017986193143
-8.3650973223634377263
3.066085517853231579
-2.0299842506212280036
-2.6418560895831006974
-2.0610649584164133508
-0.7232728144591165087
-0.11782292134707954279
-3.3988315132041666544
-0.82480308476815877849
-2.2297343639083258005
229.54329173578190648
359.99560642470834182
-362.84352050868653805
6.4713444141479055105
4.1178505556815538924
4.0935452831249872219
6.6126195813229768916
-2.4237611741724904846
6.4171598412732402394
-8.1702420056864806241
2.5326390936887550609
1.335103374751744898
11.250022571226258705
1.6162400086972465996
-1.8014076228439406258
-8.5128252901935859143
-3.2908091734558593267
1.270544782717111465
-51962.693467998142296
7181.501027062868161
20501.099648461891775
7470.1004462762175535
354.32615061503594234
-1806.0740104669350785
2755.8565947690121902
366.29824057722481712
-151.16221925078360755
95.643230018338798004
257.41705475359702859
246.63629135899242328
107.48368003521589742
-78.604322021707247359
-159.77782356284200205
-72.055843183761410842
40.123782654328842057
115.29473368252203613
10092.728331089932908
9098.6668693582887499
-7053.1372173500294593
1565.4957097586993768
-1201.0392547875737819
556.25829836924947358
1382.3616381586916759
-533.53808607468465652
186.54022056168244603
485.07740514188424186
-75.613055899222217704
9.7161303792062572171
-193.72174884768901393
26.755706715497595383
-4.4013018602758275932
56.146177823071106161
-1.4167589783641032497
-4.3084596437022328885
-4526.4511814340685305
-715.15794759172149497
-3270.3227906615452412
1119.148735941019595
33.055259176804810295
-14.225567485471040996
512.53705852688165123
12.005625346120522678
-83.731863249893862644
81.566518179946086775
-1.4374116911387850859
-26.341167229546872619
-8.0201917759822212162
1.2015607990226511159
-1.6304209191819085678
-9.4802778504778864033
3.4774938927780398856
12.425257078119473775
2274.4050738339460622
-853.14362634996689394
1428.1544821957668319
-400.22877987055363747
93.772568434717072705
152.58860289191466109
-230.81589921768306795
62.718423914879146253
35.419659796804872087
-56.59901146503150926
-1.1100226802721184782
16.463861756570612016
-6.5402256021695910349
8.6640095162119976635
-0.4143405688533681186
4.4281195017624028765
-17.756249262119009558
-10.824232092047880727
-24284.806645421671419
23.695597332936301882
1298.7482021386531414
568.22367753995729345
-148.01929490573269277
-185.12076241683209332
-342.65946179477623446
-80.000939440430045124
-121.97845018179586418
-239.68015916326970682
-35.423606789099977732
-29.611171659881545537
73.825568864622283627
8.999466911276405412
12.230583712268261465
-38.278638625428570208
-4.3276048922544312347
-9.6946195894781634905
27804.66064728706624
-3077.5538201809804377
603.41196169410136463
-1962.7469920936291601
11.972594010075800597
-216.80261312344379121
-465.67196260100848804
-97.963028948696546649
-38.809591994733082743
-2.6540410648838950181
-31.115411755216499046
20.91396309033262213
-5.627493686159336761
15.294226391658632735
-15.037273787078339282
19.496949658263911687
-7.4657456501550436556
12.28861436349343883
-18632.463627792927582
2686.2332869590240989
5674.8230265416468683
731.00130489427886005
-112.62592866648084566
-492.73567634174776231
-158.17084671284229103
43.072203269652881374
135.54337938614958148
-209.26164608255029975
163.94055827215768772
107.57634903487414135
132.69337479021888271
-65.257341448689174968
-53.052951982190215574
-30.791167811436746859
56.707706951391692485
37.300611153992392133
-5432.2557978166787507
-859.86831334065823285
-558.1608530476788701
-171.31570533216981289
37.820605363237547181
117.29001217050625883
-205.64529798746863776
-17.684955033631876375
22.316365459020293116
-67.089641912447419259
-4.3144025692225795865
-30.385557476912818942
13.548402196232284922
11.035840593535173326
17.902488962047041099
-3.2125053729464250196
-8.1053345177178179881
-10.318167937037664217
-1485.9807231621919072
-258.89045650046648461
98.41293499952510615
-52.955553323597470694
22.726451084714490491
-10.808018461338757987
-79.499207203501072172
-0.78517363028770614797
-9.8573337638816820316
-33.172697234704990876
-11.102233836815194934
-0.15691447454335255562
7.2890948041453809125
3.4464416046140580185
-2.7803692102601913483
-1.6783378920277745028
-1.3834264616545921545
1.7028753584818012712
8882.7250740773815778
-1206.6310742284035769
-112.56056824807070882
-3.4204170805463682825
22.888612357950410825
71.54249106278368231
209.166809073875271
-16.664735546760585549
-21.840729131916312156
67.086535543771177004
-11.080022207159855085
-19.624388807754371555
-25.860070073906310739
12.995166306781040788
7.9306371058505638061
5.0410063133827511805
-12.883723462638769774
-5.1323835460854816404
-3092.2899810128210447
179.3975156428092248
274.65814720931069814
-31.739346353531175282
-41.274921579937974059
27.061920961946913877
-61.907703449948819241
-12.83264088145564763
3.4368651978842437167
-8.4606657117132417767
-1.9629091906753484142
0.84833910816185653658
-9.9799953362937579016
-2.6663813660391988414
-2.1674370996192231509
-2.0263229939572044991
1.7024384567828665382
-0.81084517722963256325
836.86638251688236778
-556.7949015783632376
-933.92434519874814214
90.768972351072804372
37.52400520766803993
-0.75584219972469268711
70.897407316096874297
0.091537784245457914922
-0.19392657662217013814
12.421712106272227771
6.0977287574296994421
-2.4935230941764201518
9.0625527629991946554
0.078548044898797034219
-0.94702555887558170777
-7.9346330973506553619
-1.2627888445028514486
2.9571714214041153745
1101.5010420920395973
-19292.840023909287993
9223.0412002888260758
-843.89020843618618528
745.83337224986269121
-867.76220266262157566
-692.39611851436836787
-164.69052274985932627
-182.44423708337978951
-512.29896724543993969
-144.2924267729379153
23.113014568360128465
261.00650969281036851
76.198713871677185239
-29.571042041351464746
-141.05846233175537918
-27.686385794098594459
32.064486137163640933
21052.555289851963607
-3384.1056934878083666
-2652.1813603433347453
-2288.1918581999984781
180.41183677638491645
363.928327680152222
-717.27776511456875141
15.785003548510440297
141.29990865229979136
28.656451347384365391
-19.291237644156691289
20.30099795066787749
-54.852754684193634205
12.063127738301911762
-3.0073550809531908179
49.575738241114507332
-8.2455543822026129419
-6.6414607237731342337
4341.3857882670608888
-1155.4458955488137235
-158.25865439067953844
-291.0311241744303743
31.706014395636117342
-63.304532062874336873
-23.07220491386608785
-17.484949803122891154
-61.651961677637217463
51.447354851492477223
-17.996480699075114273
-29.033477352640563396
-29.474271922945344926
5.5825144667326602743
11.319592550931858455
15.68651469743050697
-2.3630103686205150559
-3.1122312490815748909
19888.090518266981235
558.64204178235240761
101.84446449977410509
-455.62417435197949089
-42.970494336627375276
36.778614509670106258
231.32983611287144754
-7.3229687647732504274
15.021702122823311853
139.51972553270755384
0.37775295286960830499
10.052638303770713435
-40.367616740630921868
2.4677052744958771768
-7.1658731002105415797
19.15076557203332186
-3.6937561901115842922
1.4066389294533940824
-6146.9038170300618731
358.93430217842114871
3202.7828264755853525
342.83825836197257786
-14.033935748563692414
-230.32730772596516999
58.055639736810135787
5.7180823984564863594
-68.309345320783478428
-13.793320066710263561
4.8607373037171512919
-0.57316667963479439596
0.97390803087645383407
-2.091230798573768368
-1.8210812703309859906
-7.9491541225953170624
0.56284328405059025346
0.92568367079639368722
303.06922912322494312
442.52522791911559352
719.21252966004647078
257.29191353105477447
-83.746644486461775614
-207.24720119012113173
178.73076012791665335
-50.401747220886861101
-102.74421330616290504
55.555495162472013249
-6.0019871669764093269
-23.833905929837680304
-20.997644812175394691
2.3170522950525413997
5.7197567971465987924
5.3919021612508259977
-2.2299496688341853279
-0.36591769871495505306
-80802.447934319599881
3217.7483289764995789
5521.7453056239901343
5283.5777864407600646
423.7470277139582322
-813.55552287360001174
867.81872963083822015
377.56857750550733499
-354.96954117744996893
-364.52872220423000726
160.93471641416329021
-113.38567518794033617
220.37588483466595335
-47.701758452479040784
28.152241786567820725
-126.31410464733281174
27.022442922785735675
0.58091312297764730044
-1056.0065665029435422
489.96898928842102805
-583.55665415625503556
-475.05730293671496156
-173.53624901703838646
206.51890918238240147
-274.81386392318762546
-90.60554276567091847
97.480474516038214006
-33.437001374917358021
-26.134810795729926269
14.16345281732302297
4.8748756309471348303
10.892746580182826932
-3.1938639979290694981
6.0168702865373138167
-0.97916740319715078744
-0.48637350627335290687
2131.3949363507026646
206.29651281766311399
316.32642431215595025
-436.02114091715895938
-42.489265589092070741
-5.7902014834507022911
-183.08106017118069531
-15.968837235252944851
-6.6653462715031661645
-13.100638325022899267
-2.8727096245507572903
-7.7184842625846501463
0.46021904112653505559
0.9577153220481642304
3.9505440127128719219
5.4939007904944121563
0.42850544605320661784
-1.2174277627606333585
22283.806468662114639
1276.2865268720345284
-609.80418452995013467
-440.9963295697221497
-130.47024776476916941
-17.197704351309941018
371.50672284180217275
-39.797018650747887136
-24.414832454794684224
241.70953901698311483
-2.1276127688444068653
-4.2856342787367633917
-82.152210496718907962
-0.13029509240441264351
-0.29298312215837568617
31.903132910799261168
0.9704635799749499192
-0.87941269661630838694
8350.9223148028104333
1070.4226982053016854
1203.1723370008803613
-624.47728555322316879
-87.434458352304233131
-85.222731643555661663
-96.10101011753175726
-18.079208470281400878
-14.031362334683272763
70.384712013559081356
4.0533731790457308009
10.957631150103075868
-38.1434539792680809
-2.3310903701771965579
-5.8146658580000831762
19.772856400971178914
1.506427647802762948
2.1383941737630256519
-1326.3511106113578535
-1058.2197388980569031
-216.9999192400776451
641.33295961535679908
-13.03982539619304859
-0.14229151412972398938
395.06670207570709863
-36.570841169192050302
1.9055027952868115459
125.09198457957026562
-10.845407801773655265
-0.53880218948944369473
-44.630054347104000101
3.5860415957907965101
-1.0491007984008060561
9.94705809124889484
-0.050490089670190745064
2.1214505797055824843
6395.9775697250906887
-138.14034606237933644
-207.71776111823834299
-385.04750431969881674
26.188860483348161523
-3.4771185432949631711
-38.82431104532329158
21.327247012787118763
-8.0434547559339542033
56.377023242937355008
4.1080003463268832675
4.6130210286005040032
-29.733357681730552713
-3.9931967098405669603
-0.6167577528352184979
16.033685179502235485
0.31668835913156090367
-0.91412445221285820729
243.74858170580830574
-55.199835495620789061
446.33831886736032857
1.0966588066028837289
7.7247337964641236141
-23.376397991437006141
11.33099974819389999
0.18026723389004151166
-4.4083009761291362949
6.3000257762478488743
-0.54783632739889898122
-0.15996158193634082978
-4.0280049454548967347
-0.067500398749571449697
-0.15955954142534409246
1.6042750988859995065
-0.12718416079946215369
0.51635046233381509673
-636.01828618846025165
336.0174583632557983
-286.47869878556292633
16.042519477768390601
-3.5525674034485934527
-0.70276984869789316246
-12.282628536177249146
9.9166272585715997678
-8.8194428359103103077
-8.4406129430881229325
5.2718455493453300065
-3.4618690635492610497
2.8687133700409650494
-2.4785455622561740618
1.1625700808898440375
-0.82658186495814889305
1.0824710698235029405
-0.44172912873506631204
-225.22562779971153191
-154.81804220275336093
-217.79423127789522141
-117.30435317856900213
0.28616796865508148384
26.893635338090799536
-82.358635906570526686
-5.8470561738912500971
7.0644259718421436034
-25.518717632374183779
-4.2651600728345817615
-0.37486259032518376433
6.9953140184477549113
1.0391496769830734781
0.39127429157501808499
-1.3601985087324925949
-0.41184483879659344874
-0.80067656963505129397
-301.93311891958654769
53.561431882213788924
-114.37655000422030582
35.473285701811121839
1.3664678200611026782
3.0103900976220634433
11.366584513122164779
0.76969412181462859568
-0.90360021129147638508
-0.50926883197428696182
0.26511373511155994498
-1.6291950116643953983
-0.056536831946398559412
-0.023795039249333592435
0.79972398187590709728
-0.33957857950940184555
-0.060803905360145689418
-0.26178646668116012375
375.75709565159365866
-121.39204768634753862
182.41285661242952187
-6.8281125481916040698
0.18103827930604088348
0.74091243780952187326
4.8641029294385571546
-2.5430280769581172784
4.6807046674383609997
1.8584635079302369576
-1.8073933129036439116
2.7448227940345328868
-0.70658745696588654006
0.58982802392522526436
-0.79091340604363491451
0.47771747226108446371
-0.0066245405107855604918
0.20592262397287403042
29172.24531874063905
-3831.6433720851150611
-1656.1179719230522096
-3032.0443586487504035
370.28413690180616413
232.42002713218670351
-1000.0889541186917313
131.55682176267541195
88.993666755821934089
-47.395291600898204365
14.251666671820151677
11.257159577133482031
-15.979629505014640856
-8.0193392686330184915
0.6100832559615666506
33.501305854164137088
-0.18906712213325216343
-3.593189444220727502
5351.7655416045017773
-268.3345963091846329
1266.4005796083195037
-655.34450626253408245
-0.68820258856758453891
-126.28974970432759051
-252.53825906850750016
-11.835305716155906097
-51.715727277988683852
-36.005733875216193951
-4.0124817149173024333
-15.252250262902066424
9.0236946828488058259
0.59621267057959992375
5.0073010803723905227
3.6190575347638498371
0.093116579513365452248
-0.24026405204571918417
277.72887425832550434
1662.0833314924179831
652.85844075710099332
-63.232436360016890831
-155.30184752863178232
-84.624688744104233251
-32.295058108211492254
-50.009386248528336694
-29.960505405563456094
-8.0454717361825185407
-2.5120302088411623487
-1.369247594592729822
0.13386451672702481819
-0.023924267363240582507
-0.48088927175729750951
0.52595459566535096574
1.660910188546296018
1.3774863916510846629
-5078.9655638517879197
-226.79362174892204962
1132.0159236539784615
310.25628692790792229
2.4668423266258483473
-132.50492142707776111
54.652590270458475175
-9.0371871596725643627
-54.831908478259045125
-15.345839747874709502
-6.5221038196407432608
-9.3333844177366600547
3.4393988918907214547
2.8350925328232232658
3.3715428169126866464
-4.1969633321769626022
-1.1909870410070182434
-1.2729008808560045019
-337.07394487590045173
-87.052180260495958919
-570.70188583156470941
163.3647378926448539
44.265735673063055344
48.606557158857924605
86.582743158004362272
22.614230421398801241
15.04909186476440297
15.40150869943854417
5.0342129606952692455
-0.099715579177980018244
-2.3242331828190585519
-1.6676276371762965844
0.21005607906311737909
-0.65382894391170864878
0.297095441139062999
-0.042195829025280309765
-2479.2355231272922538
622.29276646580706256
364.21395347619954919
112.13665364929980228
-33.623654666110581957
24.377579279364525178
-4.01637337191403887
0.28023427721866667195
20.952402932194608809
-19.098412716843437664
3.8901158564615787583
7.6349721939958783423
8.9190650707962113586
-1.9161497492665831022
-2.2073387484723885343
-4.8119219416349174878
1.2618654057715841255
0.31774595863327154133
7982.3306162407989177
807.38021777610015306
966.84776187828470029
-588.53731911891873096
-36.962696528176124389
-106.7970028246482741
-107.00972737003354496
4.1373973514233597371
-54.419055213428876527
48.894939848278632155
1.8917479169832616126
-8.3614515753122660158
-30.055760519876692172
-3.458898894451606143
3.8643889534095245963
14.708607090225889635
-0.096699372770571806468
-1.9539791869984022288
2496.194858634643424
169.82448168145862155
76.087441407614974764
-51.730739172767684408
-6.9257883187392863533
-3.4309097527772247638
49.688176358663916687
-4.3297546703389890865
2.3771832950906199855
34.926564490213429792
-0.56136829251912812033
1.0230173345337900681
-13.982422129542811717
-0.19871532786323797826
-0.78539952400142443167
5.2276567396917128505
0.13107329310049289917
0.74614024251940425092
1509.4360070026916674
285.46207641636732433
-373.19216506123188992
-7.5569591041634049944
1.75547225623546721
9.1094828464921668854
42.579479268403218839
8.9133621241665981216
-2.7536581246759612718
24.392696364596726966
5.3637672480909674988
-2.2094526767892532781
-10.089089644632057485
-1.9435165977111856783
0.42143196040368680055
3.733417717981326156
0.98726391534715929321
0.33894714936161307595
-2811.8384186369703457
40.05692185057080934
985.40676609428010124
-13.204312650953594854
-4.4658702681042132809
-113.94730084542736392
-95.481837806806112212
-2.7617396895123142997
-47.451888193374401226
-49.745994002269348755
-1.9991299019741597398
-7.4397325963233607027
15.98882119188433748
0.074672736051753466069
2.059196920303265177
-5.9665515486136708745
0.072334914546580808548
-0.63237446062224966781
-2004.7422829294864641
335.32067125362573279
-340.96488224925366239
80.47384250322724597
-9.443475716803126474
21.389211702704908902
-18.568089173329305197
4.1968001077164327484
2.2004436643420368647
-25.527347700997417235
2.6816105370303500166
-2.7468924831688874555
11.559529202876836607
-1.0440646306635079643
1.7409617407688253721
-4.975228903494724797
0.38264330307093952221
-1.0234636316280578683
-680.92748698889772641
-364.04224214848716201
476.36508233261548639
55.626192873313577536
18.505495796071535608
-26.355638942518393009
12.624877138589749137
0.053302623107720513429
-1.7523227156695675433
-3.9404662212047738556
-3.8567251150309620478
4.3921568460177109472
1.5189314514866771866
1.5586481496103679056
-1.6476135660760065083
-1.193466600979929737
-0.64811431204474867496
0.75696197843968660024
16181.941920496066814
2500.2464734625286837
-737.70331370208623412
-1501.4936723489354335
-145.45541634035649281
111.8181457740506346
-456.15166218462047709
-8.9776246576529228349
57.328370440815461961
3.2203725970271639412
16.285048813226627118
18.64247700736274993
-17.282681729766750323
-10.917798853914627344
-5.9623802371236402919
25.726107132231216923
5.8287257792412958679
0.50965762419371829495
-2364.1885564996041467
158.00502657141962004
436.79048715037208694
285.44462372834220787
-2.6076580445738830605
-39.988970495610416833
103.02628223062438906
0.89605689417918654716
-12.071444345275905263
6.0939885940939628739
0.94887661582442484054
-0.45963404942263647035
1.5339435728331869413
-0.73342442264454643652
-0.48942512986417530119
-3.9227151380818074955
0.10281874371037422189
0.7913034229575350853
795.16389270854756433
674.38335666178295469
148.05137080132419669
1.6941785808428859728
-32.390157100712940519
-25.538013888469102142
21.996238121400466525
-1.3220519688871761321
-11.593787344359903102
7.4530908367952353188
4.9683431821058263722
-2.108623536289268241
-2.658303650363366355
-2.1155491406776230079
0.12043826307556750044
0.58732795571169316151
1.2490370074958436764
0.41396492879977109247
-4189.0811246819739608
-131.39633363412892209
941.16479195829208493
73.912065783822953335
2.6249896373321366383
-110.70596775848279947
-77.281393421630397711
-3.9871624118999116071
-47.643709950824664645
-49.90579619988216109
-2.9811105802606512327
-10.025884263686606346
16.410802054731586708
1.2318340698709000502
3.3744700497205735168
-6.4853958159357079083
-0.56744130631511036089
-0.47901391754878336338
571.0875075102496794
12.270221675567206887
-233.13758479110757094
-115.96724756201832918
-7.1554905519976479411
-1.4286706112382348
-62.207045566282218374
-4.1012578284802048145
-7.3920791393859115459
-18.041469171422949813
-1.2670372222020964692
-3.8539985184074501134
6.767523258467003977
0.19970685044913216721
1.4532851279200553751
-1.2244097609990962638
0.089345589534942787546
-0.41741224620651923294
36.318455769542715927
-221.38434497293170011
354.68646747218662085
-92.252962844433426426
19.049599581902860734
-15.470371665447830267
-54.144076157184748865
7.0372563339080658196
0.48969951640923042868
-12.607443003446178409
0.86643084065647368863
3.2071712652522759157
3.6964075535245846105
-0.34366938390608386955
-1.2100877987573284145
-0.73785233164694308261
0.0090670597684576366426
0.52896425041728145633
10122.440197304476897
-1672.5076194532091449
-327.44646636603351908
-712.20951207210509892
88.413604085878276351
44.55188130397245061
-134.77378864434788852
9.4700507502815778338
18.9625993933335657
43.74677037953080827
-8.3398314597762794875
8.1798689931684460674
-27.074757140613282758
1.2647716660525913923
-2.3636770760300387373
16.400631185007124913
-1.9311651506733018557
0.2581293981295417761
50.21580137717947423
80.189740799276648886
90.38699216541424164
30.950327373608807591
16.408489299067536393
-10.837466263720830995
19.166248326897907361
12.266364383303939078
-1.982410218780722877
4.4281784287977368209
3.8635967450170105586
2.0784876648616146255
-1.7837250651050160499
-1.5346431527553157093
-1.0976346703963875129
0.35317608522551591221
0.22042580220082455544
0.54726040388410779336
256.88980673228934393
-61.505958925628533507
-34.78188569104234773
78.442351594507485402
17.495311049871805409
-14.81627130984481866
53.529346367526564165
8.4629563916850720773
-10.645005814195261706
13.507718597179378506
2.1106288434382092234
-3.6323403788859618402
-4.5012556804469072702
-0.75305876517602665654
1.1118783316426597008
0.89488549281695239923
0.16366180082735043433
-0.15181662281821056704
-3126.8788493021183967
10.964863897179517593
999.20644349440567566
109.97676061360635913
1.920229583587245159
-79.472075812917566395
-23.346279701932068917
1.3518423157760088849
-23.139742453606562123
-27.549588732237811683
-0.078807259679896463078
-0.49813314625939070224
9.8690732567704220202
0.1036874031261767054
-0.41264953152127148428
-4.3959909460226382905
-0.16825799551462081172
0.84685859519037254284
-1543.5682468694328691
-166.32855640909977524
-148.87748803815028964
130.78890752549332888
17.575108234824448061
13.910240440496705716
32.693146686307464677
6.0590954799492413585
3.7683309757799499096
-4.3739064712791462242
0.36453710037368536323
-0.47609450873155884087
2.9668484842422202519
-0.043161326969383018159
0.45005177218342595769
-2.450926176685731761
-0.12541160397214090594
-0.28384950510375389632
465.03229082195696265
85.930439240273116752
186.28628993608089104
-142.21589598664581899
-7.4304100223961313532
-11.434703318627759572
-78.438923400532388541
-2.2399258432751900649
-1.4303822049696042207
-20.905480223703730047
-0.67447028285199805975
1.5701890072066098103
6.8059034484275287014
0.30111946733231326201
-0.5021648127544937612
-1.1172820024123395477
-0.17257374912469650163
0.12026280160021227128
-371.90811981222645954
-138.32390856727269579
247.65058962917285612
40.439259630587450545
13.926528167139400338
-25.208582194789251218
13.558283410403763725
4.7949973278971524948
-4.9269438975669457292
-1.0476679827851436144
1.9491702396090762051
1.5712902446440670801
1.7838374796759342011
-0.40681134383300893154
-1.0699309823724454382
-2.1171217693660935311
0.066879544602144264109
0.80485610915901650841
726.98727093158811385
151.09913264879494932
75.861142899146599916
-54.095202088207962277
-11.257962283997926534
-6.2546351274582780988
-12.64712812754191873
-2.8850123007264620867
-0.26160047732452640368
0.94204349454371227868
0.33704715275239960359
0.82610973752502192546
-0.24764443433841559772
-0.10957323923470747851
-0.28478244002761904374
0.54042521901516982208
0.15931084852055818479
0.15920105247010607474
-1004.9152691954699321
-164.49742353078357837
-39.618319256226435243
86.256166620631191222
18.242695674797548833
-7.1006280174572449226
20.26284299980049397
6.7632760536701841403
-6.1138489223224024016
-4.6711068594553193378
0.88701893720606561633
-2.184569172987653296
3.109808564174799006
-0.23056708924160987384
0.73176859184201703545
-2.1300532833615446471
-0.095614114751993217745
-0.13665021932961268769
1926.5235136914179748
-295.65626712516490215
-169.71068370453258467
-183.09346490770010973
19.756414605930050499
38.105773550470075861
-54.031841362638800774
3.8041008578116519701
18.984577657761420255
0.51653222586025349106
-0.76387905340894290962
4.7675965692699255882
-2.3440454517525477485
0.49129601236274644815
-1.5596420545924623013
2.5866842714826048244
-0.50389450790609890962
0.098614297375188578187
-395.88995148802547419
-18.542398828724557802
-33.596082949659198391
42.381036836050029137
1.2924421063392566023
-1.9023450900443883427
13.595676594546938887
0.39254837096657613227
-2.2082351028057534137
-0.01501126234607907603
-0.073094622777953546788
-0.58465876701438657115
0.60693190334069824221
0.044348304036272587214
0.11333230585548308145
-0.76206751672275141463
-0.053026824158278577925
0.010948186160011677895
-267.63434106679176239
-9.6632010548633164859
22.944691178539486032
1.1111709835885217323
0.85541118451675901557
-0.27181715009007711981
-6.9562457581973555776
0.20748589074195927795
0.088461726830943707145
-3.5097342504436563893
0.088978471220499372185
-0.22343303963599975281
1.2696552295511729369
-0.029058809744313417872
0.10527531373370552226
-0.45892952558964783538
-0.025373700750808875909
-0.018701522855599794076
-4926.5286887674110403
898.20802678869949887
189.4056817779921289
436.79465675212287579
-96.236311297047862467
26.388787065757121297
122.18468832141431335
-35.470227721073129601
29.957666311681979465
-6.2791315564845859853
-3.2771730847558724342
14.447597695306212628
7.5751012406289426337
1.3119076804455096497
-6.4507177119740486404
-7.453676382119539312
0.17655863918860287276
2.4439122359696017206
-448.21753905925783101
108.73677325248071668
33.843579945158460021
-28.261992012339050007
-3.5499704448811062463
10.335855884011799333
-30.41746799285565217
0.68183426193038931817
9.6373281075357830616
-11.041618771637683238
0.94493012016821120724
4.2107254444655435321
3.8892689362466241754
-0.052671850635576833444
-1.6279838615335042729
-0.975813910605542012
-0.009597175486603997871
0.61650076951450993867
-1169.7222279311984039
72.645640315800477538
271.56337267230554744
74.09500299577024407
6.5855149248976063703
-55.970888948033405086
12.385079163502449973
5.941368800970832531
-27.054872906093805796
-3.7394230099159870839
1.9579680352602102378
-5.9197119534987532319
1.9782180801481057397
-0.70850753965971913217
1.9660100437307346244
-1.7080177911523395373
0.15261487025593956091
-0.19842134646003870002
1441.3571153865327688
-938.03242796645713497
-544.77002308621570137
39.973337288849286608
71.390841780243803782
68.768984381424573371
69.151673353470812344
18.291175217704104483
26.729823507867283894
29.845573793818658714
-0.78566517884623299217
5.0448834667992183967
-11.252754654213271479
0.71359789063632173001
-1.5923663878786074033
3.4488383177451948924
-1.2320988414637239483
-0.22614517280180296277
-804.88832503878143143
-158.17213511456563424
-14.818360235639287836
20.823686475569800791
24.548945322034779082
6.5388369716648107044
-13.069712489879433903
10.563492652391635929
3.620635696993502517
-11.290032836801085381
1.9294921636669974951
1.241036706323029426
4.1360001956733301043
-0.61374635404449739973
-0.58500485432475601844
-1.6806974463177615231
-0.062008198923331078745
0.16101994319781984255
1080.9597925273383225
-202.26184343324476345
-124.28808417978106604
-94.602069122414448543
21.602579125855108089
1.6021091166662826399
-27.739307775228340347
7.2721746772345294829
-1.5283944868105501236
-1.0413541000337902531
0.88410933253574330859
-1.0244221944765561361
-0.04367940156115990985
-0.026100394323553256087
0.30142285977080485182
0.83376124537753881771
-0.23789879522681212087
-0.022524473219674514407
871.44788674561505104
-124.10353635559684449
32.896807121638218518
-61.07431635326943109
14.710146077360331418
3.3447499196797849663
-9.9561011496779840968
7.5693893792909898721
12.335903359962248516
5.161379572468063337
4.1019544771802394223
8.1331452186829729101
-1.3901737021730418142
-1.1795742046368353773
-3.6564557080591573168
0.35444381317649598095
0.77583115417783243828
1.5961418237902298412
482.12564194396793482
163.21184866278738923
194.12090014455355913
-32.467507764592276942
-12.624098525481789679
-20.193856805171570556
-8.0443292342751764323
-3.4418908128565930404
-6.6757855799545939846
-1.1288026793765473244
0.41754426053662380136
-0.66020334077709308396
0.64334125812046150106
-0.10421223934837116343
0.10457544225317240427
0.083180859378204310972
0.12288307271436492429
0.1693421356480331319
-1702.0756966833878323
-111.40948442097005966
-205.69108436542776985
120.25111834939652056
14.982812667533425
13.994973285376445915
23.434752914472777974
6.1370470579746267958
1.6834575514278129482
-6.4955471868635026311
0.91711242533496095675
-1.3984568629470244261
3.4018922206467530067
-0.33893137285716384843
0.6482742780937064131
-2.5156350915581260352
-0.05329089070391718197
-0.39106057095167684468
1984.4484948058727696
-231.50428670366250117
-340.23182832834282863
-132.94592547865545384
-0.055117227915701720586
47.393240368639993676
-22.009620210481418923
-6.3212223822150335195
21.079005683307237007
9.7239104446987010277
-3.6282173155071650861
5.3409258112387965056
-4.9837035529622744079
1.5046785815056489266
-1.7960993280910626524
3.1228479894125062977
-0.73563866794909660296
0.18127677249825618899
-314.50598341574067263
-124.74361492121668959
-91.934119456857189334
13.107255977279196557
10.094955420569595717
15.372390192896025596
-1.5116148242233304888
2.4622112733493408676
6.6080818428479259907
-2.979805954420053471
-0.37196236510212810078
1.3075298695067418819
1.3226179722810302852
0.22573709284801912744
-0.48126275329481182919
-0.72553673081146596857
-0.25530974580640480864
0.070956805205006634463
300.60705987669200567
17.969793831986148547
-129.56681843535847065
-16.56914140858214779
-1.8117483753868517393
9.234833049961700624
-1.4104227728991232116
-0.65029637271046769609
2.1469280853671870446
2.0294464331369166388
0.19780372516322569654
-0.65404379185323102686
-0.73564111215487593132
-0.080005672083691983798
0.32499327452794324333
0.43694374553245385329
0.039712770479029310677
-0.12569996502317848375
-2012.2017875427802664
-1074.8943209265382848
308.28946299450063862
118.79912692297558863
86.116293866386882883
-11.967565205889968638
14.977062316532874675
21.427126876186576965
3.3475181692905304764
-13.814895895912480128
-0.09150198999254677279
3.298602970314864713
6.5398798183243984639
1.1681751749114659411
-1.2211723618033301086
-4.9907537291756716158
-1.377423874609268184
0.53152672746520668312
270.46380657974867745
-186.27649807747940258
-114.31222344750602815
-28.106595434212177764
8.8478538318742767643
21.166613742346029881
-8.1401063748280915178
-0.15412525646887742514
10.486779517333848943
0.52862147049623176009
-1.1694978851964992206
2.2236669030121243296
-0.66241596403251712388
0.59676925678763192984
-0.66290632400037774463
0.62785573208834077885
-0.31054065717660611634
0.096075695237880745503
-510.86400031716556214
114.62754966838630821
14.288225471386377663
34.473676174968680641
-2.4323391964704343948
-7.234250020328013342
7.8288116694602782886
1.6810402856143724648
-5.010499742076920171
-0.58515780607773226762
1.4351106799399240277
-1.8818978590180701627
0.3641187557674500086
-0.55613199992396289417
0.66985893567576482166
-0.59679951747833848152
0.2444216493127308043
-0.17484618886796299275
1120.5272364625775481
-236.93149045860059232
-274.22745153332448353
-25.294989482530866098
8.2239210441126804341
28.847190449810057089
19.322238414680519725
-1.2649695488955159384
10.957401900114245308
14.970087688285110161
-1.8576503373354686932
2.1958738792785368332
-6.0454646747512894578
0.64825448708626454142
-0.69499407519615974405
2.3184949770404954528
-0.34114974755937632622
-0.093647079785663681073
-540.76918133789422427
-101.68890451295898458
28.816854725132273529
23.395273138016079884
9.1046659587726868068
0.46145626486501145624
-1.7559226480562444284
2.9028691949209437517
0.83743506420088886788
-4.4020626600873571377
0.05750154310154390741
0.47061901661637289829
1.7185926856346149805
0.039879788317688291688
-0.20398740759344477502
-0.82497026666071737733
-0.13200438865315367032
0.077604500995022002163
-225.67320421742465442
142.48951692936705626
39.554281446120015175
29.864945458135938594
-12.4692206927445568
-9.1846309288963308148
12.985887218304549506
-4.0533771076920288579
-4.6428881733622704431
2.5893160614254453478
-0.074317200596595175965
-1.330104713771922853
-0.99511603555686467537
-0.010243414457936073775
0.42908603842564024822
0.080381062497066071981
0.13352962338893450966
-0.030365217568994132963
-316.44104044418219246
101.27328189964998728
185.2304622236772218
68.1819313590105196
6.8468547450559551493
-18.477938796451709891
30.741720060520169255
7.1146922022943792641
-3.6013874157648686491
2.5105734646800432763
3.8537280173508663417
0.58340445441743660204
1.2535356450509052006
-1.0715696596859318745
-0.61445605828654170644
-1.514656950819966541
0.52778140921918503814
0.44353664354446237228
344.54155565132185757
-84.360229091659036271
71.543473123814848691
-16.038389461115780676
9.077167714914043728
-9.5652567835244663996
-0.36040169773327579428
2.826943902788701557
-3.936647486856519329
1.4906892264643063495
0.3090147950371113228
-0.87298558856536234707
-0.50838482271572860149
0.023215827470196806481
0.27433304633897387381
0.31992767340593991632
-0.12902209786229149047
0.010770759179567056946
-293.05342635163469822
-74.572949017177052156
56.637237457906849158
29.438559401204802413
11.850682829903727011
-7.9864958433746151556
10.025435139065663748
5.2111164009894457294
-3.657396989600578685
0.72718415492493826413
1.0952382044695629926
-0.78238237672139721024
-0.15332757167472363391
-0.37154749604246861683
0.22347535865978707115
-0.30206188778023557173
0.019246697014458323538
-0.026840630728171450958
445.67008095258165667
63.458135130082645503
-65.468239547339010187
-39.181391535040184237
-14.432302185099155523
-0.72087333370851092162
-10.224550389554678986
-7.2812083969749652468
-2.7761308925041348061
1.303713504016539515
-1.7943724777414380434
-1.3740717797833787994
-1.0150917072488074844
0.60213674576395137539
0.55330889824437035074
0.71119913258937694778
-0.083981124782837202059
-0.19539011476413495338
-136.84679787814039287
49.375608224748980035
-6.1242698828877735195
3.3157369829665168659
-3.6593403847798238182
0.62061338564351165026
-2.9562199834447246971
-0.90100454155893594521
0.15033726821989612521
-2.5686192225010877621
0.025070696076247546424
0.050873991644396432399
1.1301974787137436529
-0.070910685601808062795
-0.060659780894265949436
-0.49625234045035637731
0.054528566863163541178
0.010138033560358453503
196.17744945112909249
18.290060845981717108
-102.87485346664014685
-1.6255820474155731059
-2.6862800854234909487
12.057364638640134302
5.4563844530600125182
-1.1012414615956989117
4.4264670341435978784
3.2903145855523279195
-0.02609184100545805518
0.31097725887783772558
-1.1952233043785378541
-0.010836836965816833492
-0.04763714442173287017
0.44632796666671770147
0.071526871139941008981
-0.035630725361655839201
