POD_coefficients: 134
-1607.774463299995432
-436.48778988275842039
4.8503312767658774973
38.254074635737595145
-17.699610034067674746
-3.684738801293288013
11.217598009584873964
-3.1925905819646009931
380.2704485365179039
378.51133807859957869
394.29877989025453644
464.34680133592274842
107.14974132463368051
147.54784685659103616
-326.48075206808931625
872.68805511264065444
498.05637802116876856
769.28738319120805045
174.30387924732428928
308.43289172148365651
-181.75794696462745037
1153.2646284023621774
227.86578431875415163
408.13698393541915266
94.302977903621808764
78.32474914052704662
35026.644364263353054
-4454.7870563400210813
-2872.0053765822285641
6412.7034560527617941
-608.56686335178505942
-280.97033911442827048
-1545.977925812379226
918.09920750985929772
-3769.215170312284954
-419.41291187459262346
428.61805942655513491
-639.9662830180718629
9396.5621485920855775
1001.4540075743599346
-5294.6763592013958259
1431.0281491381592787
401.94538129920567826
-941.00480547835638845
18139.954962973355578
-32.583976947651649425
14022.971484213170697
3859.6136494534289341
271.41944888066933572
1625.1364305526049066
-14925.786271337659855
-1612.430154425737328
-525.36231632152339444
-2581.3148376017793453
-107.99679887515314647
-355.37348323264694727
-11268.130594160144028
1616.9843745517571278
-135.90970821192365747
-2139.1245304527683402
453.14684686013214332
34.252068090466011085
-30752.63108519335583
4783.2486331268974027
-2999.6719359368726145
-5369.6424692284454068
1235.2444978459743652
-2434.9183508764731414
-33965.765218746360915
2599.5436936563110066
-7533.3492158654562445
-5806.5627412735930193
1171.7681713877684615
-1613.6083339804406478
-2726.01580549872142
-1418.3840096022943271
42.225675151105832583
-575.61784321443474255
95.146733451884927035
35.283316294381172895
45025.810909234052815
2521.0010558274279902
-26.632356727266191854
7785.5413965994266619
1308.2037574254952688
-1090.2653380605090661
-18687.467768095957581
-2923.0158532670911882
-3083.382248092694681
-3267.0129310676243222
-313.3296745288890861
-666.88855284173268956
-27676.934473546611116
-48.011196000872168099
-341.11874683558608012
-4667.7329443568814895
177.17949776606806722
199.61664258269544803
47304.234166328489664
-5552.4448171556414309
-8653.0955686688575952
7919.9231767780256632
-621.02718927389514647
-2356.9502505045707039
16371.701600987214988
845.72613606265383623
-4962.7912646714785296
3058.440972568833331
1001.112769334924451
-1103.4653933377785506
2890.3844662004112251
642.02459638028255995
-907.38351636043444159
451.31877792613272504
239.44593038982290523
-259.45557203870936291
-3236.5525522675848151
-728.88030166743874361
3594.8276575766435599
-518.48263113110488121
315.01287225392769642
130.14872045171512127
-3709.5787745609563899
-609.48233411679893834
-648.56282716981627345
-609.78326793140900008
62.014322795290780732
-378.14363819978717629
-57318.504400239478855
-693.64484852296970985
-2642.4659144429751905
-9814.3056695979994402
-80.758290095439534184
-397.21959892829988803
