POD_coefficients: 515
-1611.9718735667049714
-435.12186129941375157
-4230.4604041465690898
-4680.1168666278363162
-2333.2065266297572634
-315.53076469494328649
-163.25954797385873007
-229.55252831171600292
6.7835875471370012946
6.9735564255135917833
31.150623471899720585
-3.1400664558951905114
2.3234947070767177912
-12.074453997925349569
11.635757525652605793
0.28249583079951778863
1.8557619743799520506
-9.8357124778066484794
-0.64964306325073206683
-0.595520946808377305
7.2271507056914554568
-0.49628556709158472282
0.62103079100025671
-6.2480675792794331258
0.2637360180025801748
-0.84354853807848417802
0.75838826812142257072
-0.097692238372137626956
0.24759132570276082275
0.22674885290635718449
0.021947183128264869528
-0.073260752850654600743
0.035423952176582444717
0.007051284828540618603
-0.0054359334421409839788
-457175434.84564888477
18389335.634715180844
20046854.197204519063
81111388.798024386168
1077673.399177424144
-5017835.6619659848511
-865705602.45440888405
43077489.201419338584
24892105.740857101977
169772717.22926548123
693962.25163695192896
-25357325.727289829403
-735907780.21473348141
3190583.7357289874926
29216058.568636961281
124259729.90106791258
1608502.3626951351762
-21564729.235314812511
-507587919.3902990222
12746846.33514897339
6061498.4108359115198
91776635.162431657314
-3413269.6280677933246
-33600303.744767360389
-289929309.4395699501
-212500.95439029452973
-13943819.505714096129
57485069.621600672603
-5609386.6972363647074
-25519726.310522094369
-136119966.78828990459
329117.34086463111453
4257912.270795092918
9200688.7598662674427
-4669878.2357798321173
-27305291.086156856269
-49803550.705555133522
-15064463.112606443465
9973559.5990959554911
-8441317.7123911306262
-2353716.6504931994714
-9182194.363922862336
-5768002.1488986890763
-4371206.6995590412989
7686769.4260367872193
-7574216.6563751604408
-2237728.9717715894803
-3858614.7120750909671
43358.440147411216458
-4190.7348564190260731
-5685.3233246408344712
-10196.418797394662761
153.80410829033260711
907.12058991291280563
67620.814476037368877
-12113.304074599987871
-8419.9389271313611971
-28211.476206760802597
718.69932485802337396
2719.8034353262687546
72294.815490487031639
-1886.3943118177471661
-8310.0220987625907583
-17125.296908262746001
-844.49756871992235574
4371.6036234983939721
42874.188251239422243
-4869.7668487736009411
-4366.2032343142800528
-9749.8415930734809081
301.29720930349844821
5368.8028543404288939
16527.407815606242366
300.25032009539978617
-299.28349328859064826
-4012.2850148343882211
875.52689746107955671
4701.4298450889700689
7220.7283525075272337
449.85373387274478318
-3427.0093077003020881
2348.2969414924464218
725.95520237558412191
5235.3424365006030712
2972.4611723267935304
3074.4351494581851512
-2716.7695986842009006
2906.4117173885738339
129.02089071910845064
1269.063342528116209
-1355.7352849689311824
172.46431215367945811
-1738.5831516949242541
1788.6089387192034792
529.72241518531257043
731.57762230290927619
-112.34276549546004276
19.770271858888165184
29.696723832621014338
28.92278437777271094
0.65117126218595611231
-5.2774578334274035996
-149.17051728204921801
57.120632939459831334
52.538508265225864591
94.133756383888780306
-0.95275932290991760532
-13.93612108108263925
-224.43718743743423261
11.738618339154278658
45.542812460304283206
37.352086193646677259
10.007281841533291811
-28.540907474501331365
-120.23421191346157855
27.032059418341013668
25.200232123365967851
6.8470615488837696105
4.3449744087813630955
-12.647528748389834874
1.61053176382676555
-4.9813730208424100709
8.5418920986478301671
-15.066346703658666684
-1.3784899410629232186
-17.277434472230186913
-9.4596561147097109057
-6.3575648363707344402
20.230868298135828098
-25.202168296049677565
-2.0684809730101343384
-18.93893517114483771
-10.882739715836594385
-14.233401487898378335
12.952291463307322061
-17.853725116134135931
0.99263872440579503653
-1.7622472211984709922
3.638965857697558981
0.66538670838600910695
7.660026361322845645
-9.0376739826246783593
-2.6044761690876572224
-3.4643108451847766105
-5.8746565563048287473
-1.4447279881038914695
-4.9645803602789788656
5.7873998161359221371
0.1554426568918347018
0.29763776668373115308
-13.282061011490711167
-3.9619150197131505209
-8.500943746885566199
1.7669875305034772328
1.7632216329150265377
0.44196654379724048534
3.5012753530975122551
-1.2180316726795605842
-5.5900363673018489408
7.6761816014397812324
-1.6692886548724767959
3.3623170144958427485
-0.77162066648432925398
-3.1783286984298304567
-4.0517508999653513158
9.1528624974682344373
-1.36234571640969504
-1.3738324848674265954
-14.31055297320851416
1.4698595064182082837
-2.858701960400211739
10.005483260321383909
-0.24665483248629779811
0.2180334358364812708
-2.3065025152115201656
1.9077827652753585053
-3.1786723675362478225
6.1054568030293125958
0.10722212054530975978
0.58808801051080250577
1.3637269375989460318
1.6158447198911907172
-1.4807223411503267485
3.108271599346104086
-0.52494557453138512848
-0.64344578849792566366
0.93862148591075122983
-0.15856318340277736345
-0.65882378041777911459
1.093954272325051269
0.2708515187965492288
0.56032746556047718922
3.8002350990902273864
0.78196591349783572955
0.043866259673184533618
-4.0774661025630756228
-0.68840204692093742711
0.64189360157141861496
7.6046676338792336125
-1.1220857371595640561
0.11726621789489630188
-5.4922876403528029243
-0.85732409587415825403
0.83469874041542713172
5.1400621692363168691
0.077201017658296303137
-1.0883194416795338721
-4.9239259460050144313
0.14407340042840371952
0.34358976060070028913
3.1812764210085693328
-0.38283617836745070795
-0.080786788399189610188
-4.0794312587894836497
0.37894690671167918783
1.4869555897200672501
3.7038940561500708348
-0.69497796532898459265
0.47063925542494072785
-3.3355577570160659384
0.12389352298756818593
1.0124939737358726877
0.10918739956472020558
-0.81060506381736929793
0.27035606675279544309
-1.2447134852677299577
0.0083091579269425862309
0.66638925098547774351
-0.55263161818926387348
-0.25749050857940364301
-0.020236036117960723435
-0.55632595292623210348
0.20491523197071581652
0.3065570714761957638
-0.75759223142249687566
-0.10525249276501520701
-0.099181109389950297683
-0.053191124990813944129
0.017966171135169933804
-0.10294997194488601788
0.40669125533350958257
-0.52071736730045092845
0.13615723966126286326
0.52305227689105793232
0.097968173744615971721
-0.40354883130917962308
0.36610401685308679998
-0.16424908175562930035
0.011395126912133256292
0.67487048609337318972
-0.25380672522088604248
-0.48841372862210985506
0.74557176105221367735
-0.42464144302679229792
0.28083251717980417528
0.94136056693502834225
-0.25164279038179665493
-0.41559119867709765073
0.80487148291844323733
-0.097608482531985979458
-0.17260757022058123566
0.85250328568848687816
-0.13278951284344572836
-0.87334474200284573087
0.49884933177585777386
-0.02452537947819862299
-0.20467792819304866936
0.72440070540120882203
-0.035936135791996504096
-0.50251634483094276273
0.84877122673656324459
0.11728107341299054411
-0.13841805643713203655
0.35703361509103692661
-0.021791358057527448339
-0.24906976387984952614
0.56165837629822268351
0.11776850852344017406
-0.048181573854411886837
0.24379174376385542855
-0.057938991357672803284
-0.099489517395013479795
0.47354195731011100579
0.037274466438338538232
0.024210093281157606115
0.049977191466807298348
-0.0030828462699781732613
-0.0061069790617229117308
-0.3556206349474795303
-0.07472998121033504193
-0.1016929243487604273
-0.26904165796576312575
0.0089663314651796492682
0.1198238950901724803
-0.46050499242616410589
-0.28703366777361660755
-0.20924957224258991517
-0.39310894096840010015
0.15261910001062162223
0.20099217601451499493
-0.30497226837012675338
-0.15652444183266600586
-0.13565134904948056294
-0.36554547817364035911
0.031506007785289599776
0.2532949137647804716
-0.48044816440541143754
-0.18711804771923906676
-0.062493075935228875606
-0.22553890596882322783
0.060933677441067639335
0.1774050116422185297
-0.20788155553042009238
-0.072482795764008428607
-0.024054263737475298918
-0.15529504230542820475
0.017211340156878519175
0.083262884578310103478
-0.17724890087761704938
-0.06235353307259881156
0.014153570823412368537
-0.11108133147464989421
0.034130112315248151145
0.046852248187373483901
-0.096347983626163979931
-0.054716991915558184367
-0.0047244415449015494599
-0.074638339946617199283
0.019926395930946940588
0.028866118547109385212
-0.1451475860442347221
0.039911763280854523073
-0.0011272987332504151321
-0.0026954078734156309768
0.0077906850445304655708
0.022780005954205335278
0.28822356075185556756
-0.1207458772748898207
-0.069757025317830873012
0.23535974162499334605
0.025911646537722366618
-0.12581251251883021625
0.40090929896991467363
-0.14995326077954840294
-0.18220522156845622708
0.25458462647345342367
-0.068011017299911588618
-0.20974272404253258006
-0.22423805070218233437
-0.16916940187098461479
-0.22555940144204772446
0.52996035371207095288
-0.0053956529338414008223
-0.20819745509635637082
0.42397241117170347824
-0.11113640609503691592
-0.24409314595590397845
0.38219552611333640346
0.011531732887397927109
-0.14868432475889109545
-0.16566549442384201352
-0.088974217408767222737
-0.19705682653963757511
0.32823461546517984644
0.014840041478775566064
-0.060005524447177972791
-0.13091090936320434746
-0.024822514598510040523
-0.13211114263964063298
0.25166133860223388607
-0.0059737760441353924754
-0.041955123266009558547
-0.024774074181681024487
0.018324489197249022032
-0.044300484166936944519
0.11235224156932382966
-0.0093281918904825397026
-0.023843391866119608563
0.022850245103530765489
-0.063346094261123100932
0.0017844646957392588851
0.0012457101688504643427
-0.010091581223813733681
-0.021344964842268884103
0.045875139497689079726
-0.019213521285230475422
0.0058675373079011047123
-0.015566425197422344151
0.0097578064175369884359
0.013715887996304703192
0.13817471701733513578
-0.037310719865046519661
-0.0050157275266516027426
-0.014436125340474158588
0.011373528803089633793
0.023694489631389606399
0.10454108848158313871
-0.042615220234928072318
0.0041340749257047539056
-0.0040763491770100601999
0.0037804582632631096584
0.018573354791590123564
0.072220079478783380522
-0.020853400686551306492
-0.00016655451027589290164
0.012271279389218174571
0.0078841100101118798127
0.016137466109072001047
0.064958131446082340021
-0.013814034809287422875
-0.0056380830805648788837
0.0071556139823785273879
-0.0033142130157132131639
0.0090527465441284336867
0.036221286874809154044
-0.011057660203407584584
-0.0067365836037402357372
0.014344469510458195127
0.0035622202588618057453
0.0040437025992233000329
0.013982951093005029433
-0.0027093057997774295728
-0.008104198985499629776
0.012467228248498277848
-0.00091939850860144718084
0.002089279953299415845
0.00088172861049201156983
0.0010221358667599645537
-0.0031381934205589436318
0.0019472505169987749333
0.00071452412644244908593
0.0028906756502010632313
-0.0048545055938738453441
-0.0076789997119308664106
-0.0023388702942405792222
0.02773596360443152456
0.0028552504736771345574
0.014200567238531230235
-0.0038535347938757993393
-0.022632369738543205162
0.0022356869810075145552
0.050853688141504996278
0.0056780489125810278822
0.029180053276261476436
-0.017071504016969003825
-0.013267716751023159172
-0.0062107243666604831575
0.040614541505675103017
0.0049521520038636260286
0.027146867351202655372
-0.00089329082563914996486
-0.015285783979487321815
0.0097101228741639095121
0.025818123593406794303
0.0053251391721106456148
0.016888253028464920297
-0.0059036353893418729369
-0.0047276259488609377948
0.0045518265423364224348
0.0331437087734660768
0.001429515544923307558
0.019075333149609598887
0.004367058843967155761
-0.0090789031732457069895
5.8697909573825828261e-05
0.019493841152208746942
0.002101827726267358875
0.0099746840906420677908
-0.0033717062113401219739
-0.0054891211520948137575
5.760074455427307774e-05
0.01081020098039020029
-0.0016556462108066221425
0.01086067543107389205
-0.0039418992955033566039
-0.0040768912475142088034
-0.0015849405124980912342
-9.031012429015428385e-06
0.0023968826842275352262
0.0031247118972416399948
