POD_coefficients: 731
-1604.2911192470987771
-437.05023213690236616
-108.60412982432637818
685.27115390580320309
388.83898268603155657
-3.562623139104165837
-51.79776619296065121
-23.883893780383665728
-0.87964373128168782401
-9.8883181816429193134
-6.9500814831141992656
63444.225789424148388
52031.463716757236398
16386.936294198309042
4693.1362077733519982
-26718.307227468772908
20919.485186496942333
95179.982538261174341
123516.59609477776394
-36493.067203818420239
62744.849159141354903
-87842.457444223720813
69360.50939436891349
52691.548023060997366
66829.052459083715803
8791.8511264603894233
37419.901926610502414
-45405.364367234120436
56902.692930335499113
71910.602902433194686
76187.553479988375329
-3669.5124729484678028
20803.85567749079928
-29869.321188058580447
-261.91793020211730436
-168.85073439822002683
10.406349086357977285
-31.420305845349556506
-67.653015573836981389
64.036494794279192888
-13.634530511894720206
-240.68544542186251078
-90.983809271171921296
88.065613683964969027
-179.55450832010856743
166.21341615266018721
-33.111818207436343187
-166.6975855650862286
-54.162011315904877051
-11.592118309535122123
-83.557112980870883234
84.606957312056323417
-39.025592418562496277
-167.83102540801851887
-99.977653814106986374
1.9792888144886453539
-24.533780696109730002
59.420411358555767833
7.413150479346969135
9.9854355860494372621
-3.1615748226487472294
5.2840017835566026605
15.854721922688060687
-9.9304706766423205266
1.8501280139391600432
24.784686389651923832
0.19076316574032126105
-4.7318102742555332441
21.040070790500028153
-14.325890215902081337
-3.4681570576716196364
18.417007067996298275
3.3587036968076944277
3.2743732597324912703
8.5718795757414891767
-6.7681659003632388405
0.28648313272204234403
17.371494395040382841
7.8172515292691846511
0.86685682472757519257
0.47171103811099529546
-5.0375441960736164759
-0.88669707856720136885
3170113.3081159899011
-15426645.4076766707
-4294949.0923003470525
-1126074.5397380825598
1262104.6368752655108
159048.34617712168256
-502342.51073099556379
359296.39349351858255
33005.335047838423634
7888817.3511493196711
-806411.8862979124533
1201746.7943981962744
-590404.13410882244352
177678.16046327204094
-87136.623434260720387
-68187.464968974236399
30996.710934894399543
19762.300805342238164
-22790112.603492930532
-1264502.649078209186
-3761431.2792681748979
976548.64524555508979
-51996.555270048011153
334703.66086024482502
9174.2775639325427619
16805.413918065540201
49324.340406979274121
9122982.6810039114207
-1041674.235589515185
-4341865.2088644681498
-577748.58022379910108
96742.950921432682662
36119.953131610876881
-268318.8855279473355
105998.27184528004727
-86045.659774505795212
-4700843.9789099320769
2215069.132082878612
1528168.856894744793
319453.93929708318319
-155086.47735535935499
-60434.983859985637537
119504.79284079400531
-63134.704503251159622
1717.8812653919228524
21664329.453149631619
3284644.6377626424655
118057.10102351372188
-1400742.1635650689714
-224756.00305895594647
-64117.34518742832006
-261836.75898444716586
-71633.289453901568777
-8297.5341779086811584
-22634260.054409816861
-28591186.519410803914
-4057496.7637370903976
3269253.4250117158517
2648288.8631224310957
447172.54267547524069
1101120.9878736655228
789216.25810459791683
75030.337717926464393
23421111.549659628421
-5069844.5737260449678
-113357.925837644274
-2119756.6350444364361
372651.94947191968095
-9065.7940048056825617
-493443.89127289695898
12034.410410017409959
142728.40421850982239
-12790259.452191524208
2254758.2273614765145
-3438977.6137292459607
657909.28211691824254
-164711.09342415255378
366179.14065013179788
26724.061616887400305
-21949.654161727452447
92022.863702275542892
39721112.908438012004
-6201786.0191117497161
-5316987.8293404299766
-2137028.0742745697498
299622.84561547223711
-46757.981301088373584
-601450.13673758634832
242566.43374451072305
-235582.50470781806507
1025075.7758951478172
2730508.6138733061962
4265238.2407683460042
-146114.23358008646755
-203283.90635444494546
-398469.67850814911071
12085.893924261443317
-100834.67851246506325
-90090.466573521625833
27848202.61880703643
153962.0440467747394
2238662.5697701456957
-1393326.0619395943359
-26549.822689668828389
-393824.92732347379206
-160076.07362704671687
-2890.5178265462141098
-135720.54249647739925
-16015245.209418414161
-20290418.980274882168
229934.00322482793126
1147057.2823882631492
1681941.4959677958395
-309264.55725084606092
210189.03009745466989
494311.81217356416164
-140063.32405887191999
15000360.361385757104
-749899.60862982156686
2438010.7476152963936
-1208997.9391343449242
139739.24240044053295
-212206.41714307980146
-259765.61586439609528
32824.501829715882195
-22299.649993796974741
-34733862.843802109361
1339535.1111150737852
2541596.26836294448
1923380.9102137102745
-179407.68878995013074
-109778.03164747002302
310059.57650739356177
-44843.360453655324818
-15478.868210529586577
54293426.977665022016
-2576736.5722859096713
-8957342.5790702532977
-3160345.3335103248246
207658.05566286106477
290436.2818191901315
-710621.38316541665699
128560.51135052583413
-34670.735206451601698
-1133435.1883153114468
2415123.7556271632202
1925229.9316172285471
-63228.511296104836219
-210122.94953849731246
-116312.23942476131197
-12241.675434054919606
-86854.932374186450033
-7370.7352816730017366
19205399.950283840299
811687.39873471204191
1906488.0987402072642
-866098.0325318002142
89011.656460986603634
-269803.14887112582801
-44916.810289008906693
44351.754045158028021
-88059.801969213513075
-6297481.348758790642
-26953563.915403012186
-1310003.8296705265529
1471444.0552092634607
2230574.883117640391
18376.799537304887053
534517.42862501204945
611155.53566937183496
-7239.3865001224439766
16043847.446702890098
1534815.3739641990978
-1895302.6421901416034
-1316930.0471957658883
-100575.97937899154203
36293.034456203160516
-339468.4898096836987
-27017.853968903480563
36495.173542198703217
28133023.244274910539
2415398.6926508084871
-970127.29954556911252
-1649768.9250852633268
-225577.29880824781139
129114.54175127446069
-310531.15993672650075
-63951.008304922550451
31207.58493036508662
1244172.8594236632343
-3073854.2327623507008
-3141595.5745121082291
190905.2515044787433
281308.34442941792076
78044.710498269399977
74322.524575126910349
99685.710214549224474
-15152.058717901654745
3248015.6863820371218
1485790.8738965035882
217962.24400752279325
-240539.60188775480492
-148155.77453188839718
-37588.358232232167211
-41917.641309160724632
-67908.669129928995972
7912.9608510901753107
-15535814.632975395769
-1811827.3347803712822
1706917.433350457577
812896.95380670751911
99451.335292958887294
-191757.48127492202912
127944.70378327112121
25658.934150038392545
-62230.791679548434331
36550.006599330183235
17798.682273192167486
9996.5685394165902835
842.53873812983795233
-1563.9195493647687272
-242.00552284077829768
1099.2263250254079594
-490.4663491441015708
-85.741793571857215284
-1494.7641842006958086
131.59330498620994376
-1086.703672072359268
-135.38015596096448689
-312.89851770388088426
65.065431196860018304
-221.9298110136577975
-42.451330779292064221
-48.900526986394368123
51401.136332012916682
5951.3171038520058573
2721.5835944746249879
-2330.9341173623033683
-142.47988082070125415
-241.55056478922557517
-115.70214258567946786
-63.426823256047114796
-27.506388796758979964
-13925.830672068497734
-612.8119399454892573
8412.5703037441453489
1533.558856616490857
-89.459784076439916589
-256.02634586419640073
734.40661684559529476
-189.89623675656679325
55.773465962365357029
16490.592912444946705
-2049.1290202972841143
-3383.8550901912153677
-1102.6009413376659722
145.84881660845368856
121.12613336986078139
-338.17005825342971548
70.325877554806069725
23.041125224530667026
-26967.778325010051049
-7212.6098801762618677
-1648.8866666743722362
1967.5411165741998047
452.53745993222901234
123.06297128353891424
444.05408721915739534
117.22979888266347359
17.209638459952461886
90789.514805759841693
47518.853469735586259
15306.049437757923442
-7205.2027023291466321
-4354.3122107214476273
-1436.2067231697556053
-1600.7172834820646585
-1453.5137799341985101
-213.03352275523371873
11044.749756990540845
15579.593006130391586
2501.3237483885827714
372.14782884595211954
-1251.9061146922094849
-107.10217766995158684
186.79087306437929783
-137.57979709286598791
-310.16513987605787861
33896.027158592522028
-2523.9507708937180723
-2797.6856800589043814
-2413.4953155049665838
98.510077948191110409
-212.29363565174850237
-574.80989010785344817
55.739047303974651015
-135.50031458691248076
-13437.801923454373537
20262.395610360290448
4939.7086392606743175
663.97045700326293627
-1152.9011273986723154
279.00228339292044666
466.85103595629715301
-561.00828021043855642
406.88805526969525772
-3250.8919587329728529
-5513.9890609129406585
-10133.749621763416144
449.52791765201112639
393.76299579184302502
745.97641377788215777
48.558786743196129976
175.45087525619811686
158.18515822721047925
899.73928238277073888
-4830.7285418693181782
-7463.8518516020740208
-249.86606716012391871
392.19813787078544465
943.01847716434599533
-123.15258235966678058
85.036491035764058211
316.2592610982177348
74051.064526402755291
14640.977987922358807
2928.9594472948292605
-2837.3842651777149513
-1290.7934187609230321
426.58588699745808981
105.23341667509130559
-507.72086879534612081
197.4006448141619785
-16140.3956984033357
-2470.6840138813131489
-1823.3346357036446079
1319.2092403627420936
-125.27722111244609948
136.02361755317116376
260.74473122359921717
-32.389547484965142132
-33.066180332464249148
84488.994072347704787
887.79707349776413139
-12857.79176258937332
-4885.299437407114965
90.169805225284420658
666.41602860114949181
-917.75522312986947782
51.728759098057665256
97.862108204275088497
-44725.641665487375576
5135.3665396547849014
14556.700045320694699
2622.5776622145972397
-482.6476959228326109
-470.49043149417769882
669.15501547986582409
-245.67095542238442363
27.613771096408800787
7811.5839637522367411
-2785.1183219795016157
-4726.9230874780469094
-147.17070082803650166
296.99972192322849196
178.54291437589830593
-6.5392438015152007935
136.34126154490209615
-5.3302784781664307445
-21025.09467869506625
2278.5712698345000717
-3490.4272609049344283
1178.296695103911361
-325.05967250308054872
350.51283494230358428
155.79517927693404999
-96.263614836368276428
102.98183645368769135
24800.436276351687411
47090.336070460907649
4199.6462525536981047
-3021.9955586744235916
-3934.8057936899826927
-104.96781999315282974
-869.25829642730082014
-1135.77951605302178
33.844640122533192539
-17732.234495296281239
-2367.5824341681077385
5407.9401503663075346
1679.00084073836274
122.71680616673894804
-273.20395507457357098
485.58818058812329355
25.494101535817463855
-106.02091489880267261
-41452.828114699972502
-4617.9270576072231052
-1040.1379840237752887
2362.1846661290128395
409.35853102074833032
-75.521003513591949741
407.47248472163050792
118.65407031419201189
-28.814455441514425615
19185.608038512626081
7417.8407014388694733
5006.1899995124413181
-1766.4420218581597055
-639.92245561594495484
-144.95096362782405208
-463.28654214221285201
-195.61469648942491517
7.2208517192201568946
-6469.171680719199685
-2382.0880677726886461
729.89078498149046936
411.49075600788791007
251.97777681386585868
-37.619121801958485207
53.517921808148109619
121.58554563461726161
-39.724483657121275826
52162.052036954337382
4934.6638239836338471
-4669.5961738008982138
-2692.3493800320156879
-306.2360878251826648
379.53851538395321086
-411.41993131560616348
-76.431720526547266559
100.56609803960066074
-8359.8704751210607355
-337.81846838807814493
368.35240833279590333
234.10477921269992407
59.1641618065858097
-92.938793683602739293
-43.801048086013352645
24.775592772143554043
-18.283368801113535795
52.78703858359305201
-456.84119812945522199
-77.4120739749441924
16.922592803068770451
73.203627266498756399
5.1247232465931196188
21.261920271321930187
16.410188439585478903
6.3874979452569720095
-5294.4194404757026859
-834.15663466533976589
-673.46979454418055866
272.62304833308508023
23.900120841925168946
44.573330071585679946
23.062565868168949379
6.9452196381814426118
8.0209572085455782542
2789.015333977856244
1661.6390539950750735
-686.44812237556072887
-245.28287163992931141
-93.879046438091776849
1.7980915345541617079
-86.554056460532578399
-4.0422997255948391881
-11.505608395887403361
-2446.4083217462884932
-158.41489684225535939
265.94783636580871189
152.74410636448922673
6.2114435666549798754
-1.0471078401073175002
39.276775360641607904
-2.990169521112190143
0.65674457419958953697
1456.1243692250334334
497.9909255466632203
543.81895629119469504
-140.38688741756263312
-23.631786325154489958
-25.726059499515951501
-39.605844052851253423
-3.5740997044319282594
-4.177157204359779108
-13768.082990143209827
-2724.0491159007260649
-918.89869598170309928
865.02530336505890318
266.28530158085879975
88.387891288677010948
151.39283842111692024
101.7796177011945673
9.4050419604771384741
-5211.1880974992263873
-2328.2458101933816579
294.23199176763370133
212.08625403551619115
185.84042933988496316
-26.713922261836998473
27.392345290888886922
28.950223670898996176
21.25166302828709064
-3701.8824803458783208
910.64620820800394085
941.31856883317902884
314.54479629403601848
-39.48556194684220344
-25.34464492692466564
96.358571043974663439
-14.190082035647332503
6.1659401211973108303
-2661.3022629341012362
-2470.9440133670877913
-386.53718087204515541
144.82760258058019076
142.64226469482991888
-36.463477028994688567
-7.7095520009774691772
58.546517428496862578
-37.569679827007867345
1686.0830455382986202
1025.4245523316481012
1041.8576192662294488
-112.23183919861189395
-66.475960287814729099
-71.871983292530714493
-15.069373532845416364
-21.174294147151087486
-15.987690984459613119
-3253.3717870828204468
-43.918039641721179578
675.33306217620531697
166.7136550639620225
-4.7205785537971642896
-71.032731317069988108
23.962044288922090374
-0.75768808516733854308
-23.745503974638342726
-15127.206506387004993
1085.2835695987521376
529.87560803144469901
674.05767680420512988
-41.524349070438397291
-121.93274746037981515
47.268513487869803669
11.540921664906399258
-37.195011733038114699
1327.7839356874337682
176.25889479140218441
200.5070703174522464
-108.25354046769045624
23.403360303016867761
-11.281895292263246944
-21.682475075779485962
6.6312255242002162703
4.7401202941278546277
-7618.2805881101994601
90.324569288700459424
1149.3156890993520847
448.25732471793372724
-19.411795582717417119
-60.508132467564230694
88.151468422855501217
-7.8242758727525725249
-8.0562703293756783296
2431.8649042715687756
-598.01432618787794127
-1441.6365956545137124
-132.44323159840757853
56.342793425688121545
54.579240717010634398
-35.597930612582629806
24.0031572391881447
2.7212380687579784677
-1519.4236743071787714
362.0820937680553584
509.48191784090130341
56.689938004085135503
-37.597897580983307364
-13.162959365164240921
7.3677191223070517268
-14.484807372032143746
1.8398419495293649728
-421.27125201092911766
-1136.4496729720881376
677.09425429806799457
-9.6021217799040563534
86.649272970876609179
-37.517113494010345676
-7.9485697183235153318
20.73615366479045008
-6.9668794744235071903
-2205.7842568405208112
-3630.3496073819601406
-402.20855924382379953
218.87083662247113125
310.74456737962242414
-15.122675580966470577
49.753216847123624689
94.10634244387159697
-12.047917000155388578
434.74971899041844381
374.37332164631772002
-413.6301332750176698
-96.05034167859078309
-19.726549694914798039
22.809608383866827097
-37.929612730629663986
-2.7027056918416287878
8.2212405425453880525
2039.5024216511633313
689.54202689356657174
174.35913313443867878
-114.88987381311366676
-50.576480064933086567
3.3249100420069046535
-17.951079889340402218
-12.485336388859961332
1.7726045870027773432
-1377.7074254937203932
-821.81224520971261427
-634.59881214319614173
162.16518235376094026
69.048256072428756625
23.267837519935724799
49.184539050393205173
18.588963927749329486
2.3967847143645291119
958.65483499730362382
238.70255051069298702
-155.39384305924926366
-57.670262549563744869
-23.832689422127860013
9.4928990301885267655
-8.5281929161953069496
-10.818121734064826356
4.6024186803283306801
-6951.4412986480201653
-536.90680039861058503
420.08635980413453126
362.26373217928056647
37.149539694751638308
-24.865863064912730351
56.915696913227748155
9.3471636155712509719
-4.7394979412843083466
