POD_coefficients: 170
-1612.3828767045361019
-435.17910191193010405
563.43315182066908164
-35.110135455860394416
151.38166468364696016
-34.4524636887529212
22.834988082149028088
-23.626413694142911481
-9.109411446196030937
14.586136694500043021
-11.445581708991820591
-1.1876264428192402356
3.2417026057790212512
-2.0663630645263917351
-0.61793533998820981967
-0.54729746850719529494
0.53605567562956724093
0.51495046591153226245
0.1166361752085961212
-0.047792200679354718273
-30005.110637205925741
6470.8891128942159412
-1459.4777834692831675
-9319.8112831191956502
-416.31388825450034119
-7942.2184811564047777
-24988.989527500067197
1319.5033766061796996
4972.5825957680062857
-26631.226245596462832
-4118.2434559431903836
-11239.060136828684335
-33009.773727091029286
2767.3039142755383182
8370.7228134944052726
-18641.169908032850799
-1873.1017145755706679
-8097.3898111764819987
-8420.7136319740056933
-4693.6637075580792953
4864.7455800644002011
-7732.69421446387787
-115.346453436554512
-5179.2709863670361301
-16555.507823299540178
-1564.066730404271766
672.46619069131486413
-351.76569829646575727
460.12638721298139899
-1369.170459069168146
114.19789118906858505
-27.478271844672082835
-4.3811019492243286066
15.098302399513015004
2.9262579474752419273
24.112633788254544953
47.867839647415607374
-29.470996060817917339
-43.373985274944743651
23.855116220430055307
15.426413643247883556
7.9467569997460429931
93.773322084220311012
-22.913882783748629635
-28.423368845546526984
10.196292129501815182
3.8356691796537840666
19.545677685822674619
23.663991305908453455
2.8096114561754648165
-20.090439089087571034
0.62718003537791400248
-1.5807865965799323682
10.825401216742941202
52.159750526666705639
-1.0883739743132456734
-4.0567455059313894949
-8.0232386612348935984
-3.2481331946444402803
-1.7109495874749807154
-20.986813471340333592
6.9515317367204172427
0.59959745458845303823
0.061056724395410606754
-1.1683560786518414343
-4.3130431460690630274
-7.8528402478881806914
8.8341164964436504903
9.6665794401024687232
-0.67741203836669361404
-1.2903092507624678298
-2.5505392697964630599
-17.339880930048590102
6.4314659212868452443
5.5406125514338873117
2.1169066414280548472
-0.19979145190531241716
-4.9264531713778465516
-4.2392658050223710475
0.8042520594273820933
3.6607890691694024987
1.6921354327629609671
0.21245538460556187554
-1.7773261750510955803
-8.1836276018541322941
0.58355304026987175892
0.9063233752517785291
1.7071459179723196264
0.37789197265657425984
0.28580095414962697342
1.3453312013565024152
0.080978220415018425937
0.020667114077392790411
-0.58411606787503178584
-0.015540013008977332856
0.40528116642147477
0.46285034387142071077
-0.25472322256110035976
-1.0410189882906759617
-1.2745636397171786758
-0.21068602510145201245
0.39199900864872039286
1.7238327136438678089
0.079262815282109794213
-0.40009758797940631059
-1.0848229224963603645
-0.17193745745747590625
0.45653094750793660195
0.2639156272571187567
0.27857066279244208085
-0.23528644495121822655
-0.68407434714901005357
0.0012629507515454128051
-0.0449302768792406923
0.85373626082410469795
0.11950350644117957444
-0.020173543851613844058
-0.29705363684607360986
0.022301742632703042135
-0.007392605199216366503
-0.46950177042216817425
-0.054827612598394498411
0.019314350562825950003
-0.06816178857293886395
-0.024315636933006309212
-0.092933794335115796348
-0.13723782262830797052
-0.030153939358250874542
0.073669404306455910092
-0.071935948986581538245
0.0035230042600308841307
-0.13398330130584595876
-0.72787319232587266438
0.0011010353329497556477
0.11484424497068959625
0.082798420032213271291
-0.052726164473318237746
-0.023531019835769051429
-0.19228507301238059735
-0.051160955176877916106
-0.010367819445772115741
0.0084879556944942192304
0.0055031248069746215371
-0.015876176790232857106
-0.26958295795110770454
0.020544385107577920607
0.01674582589515771075
0.005600538853992500371
-0.025368988302379276434
-0.018159995607469409801
