POD_coefficients: 26
-3118.801906828738538
-1559.3064798836528553
-396.50498729370167439
59.510810251734795884
21.619767062036803651
-65.586619233929042139
9.2539352611837077944
7.1811561190504997754
-621.04647571508769488
-147.25651615070819389
218.98544624951640003
-453.7358890894720389
-69.636747106676722296
91.561407227279673293
-1020.3111303027602617
119.61934071176857231
180.47726637643339132
-869.2317868368446625
-127.18348609140799965
155.89446630666941473
-503.30886165489772566
-223.95625160924544161
-59.921405053470465418
-226.85191237528221109
-55.892854267238007537
59.566558940499270136
