POD_coefficients: 3191
-3115.48950605370419
-1557.5717044461630394
36898.423322564653063
2476.0318873199853442
-383.52518096195774433
-635.01330926272009947
-116.60871451276642574
-6.4472019820252182143
-172.90539173958896413
14.677382400033227583
-3.8673954345020864487
47.497119632950294488
23.939051536569664336
-0.094612302643639026312
-63.515215696107148347
-2.1600837414533207159
-1.0292895519262144077
15.930416070724135125
-4.412528611910087939
1.8056068689625388579
0.98740148950207817791
2.2144525748252510411
-0.50406965039250328786
-69597193.540887743235
4802241.9233855754137
-614313.98906537739094
-5621902.9312413446605
112335.39760197332362
410984.64484581968281
-62399063.848238609731
137193545.53280258179
-9318027.8436631616205
-3341837.3797000446357
1446516.1238932784181
974817.81804987997748
8720755.3904208615422
6878648.071702612564
-2558130.9705984168686
-2804128.7581366542727
502230.29015972203342
421963.98799200047506
-27417528.625327967107
28404090.052995271981
2953569.3099119332619
-1232840.8365152610932
849298.96549483586568
199636.38320584461326
103565791.21091741323
3717856.5120271416381
-1278331.6421743747778
1687173.8147735141683
195625.46862919340492
159153.56807019806001
-147701602.84114131331
6912730.7674472052604
290163.88429325009929
2179647.4888363583013
113356.11059261026094
4255.9415013968682615
12444.759185604800223
-1458.6814689840061874
295.03586242736355416
349.6524163904924194
100.28617436971683219
-372.27234888728037276
-4352.9831559743906837
-16636.71049970500826
-898.81643439943013618
-459.71850405838529241
-826.59170328167544994
-705.41397528460993271
7197.074931700630259
-692.85614778905562616
208.37932922637884303
-1979.0462632800072242
-224.08178036960831037
-712.20630657019864884
-10070.019568443978642
3390.7948246882756393
-2345.7078775250602121
-1025.3240380271945469
-576.21063407767792341
-228.97273716360126627
-2498.5625429158617408
-882.27170689052252328
344.52494995765755448
-2057.9849575450257362
-137.88159683446932036
-281.39257575751253171
-1082.9150302262244168
1138.7675292279441237
1648.097935148105762
-867.77698953788217295
-49.143585489078454032
40.191372799306947172
-429.01932865690849894
-5.192496059301100253
46.985356108254350715
-8.1872250121436920267
-12.895421398649444811
30.530528753311788392
2508.5928285221953047
-2475.145171680600015
428.13310906707800996
-20.317662099176398982
40.891985374491341076
26.964698157388252042
-1960.952574386171591
-134.64287330868094728
78.424240993977093694
201.94400627705692841
25.843635255650912796
77.702663326520251985
3103.1044553543028997
-1387.459966038533139
173.39689821818268456
85.103643838032098756
49.188714035182478312
12.517402410525967582
-2481.8234094277140684
11.918549578001996991
4.2244037889365335658
137.22238658825162361
13.050142058028344039
26.105970570910766781
2996.5750855187493471
-416.07406296483316055
-180.18972424706763036
13.728398002327406147
4.2590565656245980009
-8.6787318404672610939
40.112401127236168463
12.567934645870218802
2.1091799311805270456
-2.075314711268457124
0.46847994294465322707
0.62322580264760130131
-234.12990242315009937
328.68568660239549217
-3.1612683273591875022
40.507867276759384367
1.2744379047769935909
9.6535980367576623706
158.55617611959164037
20.965203267350560168
-12.882613703417156614
32.732266452635464304
-3.1745583417101093104
-2.0012048700542846014
-288.95445830926882991
102.78388816025245944
0.075125536868619668951
22.16023688313527984
-0.22143376248351762103
2.4302308077475496262
137.29034949052115167
0.5768303243866554908
-3.341342985671301502
13.758221181223717622
-0.61268880873732445291
-0.030981731414159763977
45.232108713429383329
39.172771188836193801
-1.1470919714488245766
10.718946319756550878
-0.21716665005573559943
0.29759296028002857337
-1043244313.5723569393
964230490.71146655083
-1389163500.1272740364
-12082517.946794267744
10517928.950683299452
-425904.93865854898468
20752619.691243264824
3663567.4986825734377
4309546.8126458367333
-21309457.865559704602
2630234.9831240242347
8777733.2896897532046
2723381.4899439690635
1516283.1713557606563
27291340.754025716335
-15378329.609547907487
-7840329.76800933294
12846963.833885503933
-34851935.751435667276
9187174.1947621665895
-3073664.997311369516
38774686.343772113323
-131870710.48933781683
208764619.85735878348
5935617.5318511249498
-681366.27028513501864
-1455905.4482431444339
-5243897.9711427660659
359509.61950206890469
1732761.4717626362108
2705445.6327939862385
-199086.2329830857052
-1440927.0103013908956
133847.02412309922511
-643010.59546294074971
-1055608.1543479613028
-1391272.767086016247
929746.5573401482543
1102952.4514720959123
855891.02812673512381
-432022.27272258215817
86948.484516314318171
141803960.02054426074
-17840895.63616321981
33782404.102053053677
1686787.4596412235405
-566715.89736500196159
-225060.50918143751915
-2007745.358261359157
220834.36047909202171
293128.95760896167485
1452541.1570731753018
89389.192245438593091
15492.591064629943503
131217.95728854485787
22997.319228678454238
-66855.120492725385702
-140263.72662880484131
250498.94288888093433
-95782.426110432046698
448942.02048229996581
-178401.13546539828531
-324438.90993963903747
-768055460.13963472843
-86484541.625000908971
298092671.81295120716
-9651550.0866574365646
-1283103.846109172795
3225912.7111472887918
285065.92374648607802
677078.55542751133908
-393870.95811613934347
909211.50360254140105
297137.34166401677066
426188.07115171442274
81847.802960423621698
265132.42050710710464
-647277.83974291884806
116374.28361066244543
-787516.79455555451568
-857871.83459975663573
2064740.0938035533763
343501.75388826685958
493235.255362044496
-64702332.34931115061
-19348473.1628161259
14576233.190470227972
2754367.1247282624245
-240114.58592772192787
197681.19041894798283
177197.06688069112715
9832.9853716398902179
41349.841407190171594
-135536.96242165265721
126941.0696177053178
-108562.19332488994405
490258.51575524220243
-11698.891594350263404
99164.75278168937075
-155523.56756235630019
-119768.17587668304623
-80412.469218137281132
-33427.371849691924581
44137.867723041475983
8606.0566131172818132
283348930.64735496044
70668493.300395697355
12956539.853016659617
-920357.70950351026841
-275013.49673971376615
-640181.3885641178349
-742016.29767769260798
265410.74807969812537
71217.520729007475893
658918.38677361572627
-46283.168090425228002
48386.352935575625452
-251962.32855794148054
-95280.420958897419041
-158990.34350340737728
15485.694250755384928
105033.76213231701695
78797.450429253745824
49932.536206454569765
-48162.659657717602386
-10534.82536498351692
-13439878894.097297668
1122825650.6359660625
12514934554.706678391
575473976.45984530449
124104567.51178635657
-63994937.842086426914
20754592.504487685859
-16868573.671407330781
-21108491.800392061472
-108656138.04680095613
-10698238.451393783092
38357740.991410516202
2444572.5531102051027
-20189503.584403693676
16834812.366029955447
-71643347.560139656067
-24041698.357350829989
10369710.038556158543
-77561658.909930855036
110328037.27751071751
-32500486.790066562593
-3437390347.6939845085
7775064189.8860883713
125704312.13325975835
957352541.91941678524
-243812130.28019830585
-559950845.1855546236
-338908103.06085026264
67541263.027312085032
-48092790.335726685822
-146168979.13704970479
79339108.012329936028
106956961.96445660293
-78477142.885363042355
4566604.4642460113391
-163802959.61787286401
-71181344.041222557425
-20535548.514469653368
145986105.15575259924
22713972.560058105737
12534911.945583837107
-32759396.616419769824
56162001.954096347094
-44951795.217945486307
163182394.52321177721
5337901.7123000640422
-749372.12906001519877
1261063.5309571244288
5670695.3201953172684
410127.40389622980729
-288186.04667257127585
-3819228.7814764897339
470900.46812736988068
238552.73958907421911
2132531.8385621947236
297597.31443394126836
1069357.5421041117515
2270867.217434043996
993758.97997673461214
-335895.51953567308374
-632522.01820089062676
86990.666120159468846
-326288.67243583773961
6595344671.6334352493
-172420097.68374672532
118007093.63620644808
100794890.01696778834
-6441994.0984675819054
-2723346.5229620267637
-19796547.517435610294
3995946.3109253207222
-625852.42580859921873
-1306965.0596723512281
-3248283.3925350420177
-1142967.1062239995226
-821027.53505430615041
3575816.1560350987129
-263594.76643757231068
-16114.26323221914754
-2345584.5361795700155
-1152628.0333909089677
5008767.8577202539891
242382.79103324416792
-228003.07390622631647
1296829571.85653162
-142102877.89073684812
219303343.04315713048
-68210183.482727468014
399644.71871150285006
-6389603.5016045216471
-4552096.7345558581874
153642.54154370748438
806746.48907780239824
14503405.59758720547
975218.86070565052796
1738912.9934970913455
-4865613.0545740481466
-1389731.3851272617467
-1449595.417552472325
453033.43311818293296
902277.72879226680379
712867.44947642879561
1134310.2796528714243
-252519.76450385974022
-144420.70647339508287
-1218275511.819324255
91801015.682241514325
-59593623.533368498087
-3885730.7250498812646
-94591.655229316049372
2067380.4663376230747
-4045649.700177798979
-520599.14591247437056
377508.03768072713865
4236095.6936631398275
-518351.25888838217361
-372564.6883467801963
-860625.20897146768402
-439505.68704854371026
38532.337707595797838
-1078850.6424366259016
694852.15103467635345
-15614.359883858873218
502161.18481971422443
-241480.82997656831867
29590.988122103161004
-12872590605.745937347
3073710530.7561850548
4342188220.1184244156
-350123543.4965249896
-32810288.62618497014
66338389.518022142351
-58152159.264025844634
-8714953.6490050069988
-12051510.716390429065
70418633.857832029462
-19264530.410743508488
-19859592.593571200967
-59053086.217126496136
118568.07683378577349
4546207.0557600548491
-58177218.167234614491
-18949836.488839831203
20167455.629891362041
-19670661.696814972907
8724199.9401461984962
-3610312.01560367411
5804107648.3421468735
164237008.0753082931
-273302078.48215913773
9156406.141071068123
-3036222.7135935816914
-2966520.6952056959271
-11266824.071317348629
237717.58270109450677
1679289.8482047379948
3838944.1342702531256
347402.1689429905382
-2797875.0656700241379
-8537275.9501291681081
-878397.1975826259004
1917987.6011482195463
-806067.22528647677973
1346831.3183328411542
-238673.74571485811612
1054588.563696149271
-608259.43322723568417
417870.75314959499519
1755685997.8562924862
-216091113.6418479085
35060563.488775447011
13997403.321184100583
-264695.3607994337217
-2722803.3887122473679
-569135.86032407905441
-510991.06246475240914
-222995.45791968764388
-1546877.0981502537616
-821130.3234765479574
290271.32164436933817
390608.65283551090397
-98169.905309868481709
340905.10950878501171
2250372.8118850523606
1155415.896673922427
-31832.537558707543212
-27620.076878355313966
-482592.06503497954691
-269815.17102152184816
-429258300.3498544693
-265285092.04411882162
574181592.0312153101
-5130882.0760358301923
-1071134.5327911425848
362886.42807051393902
7214846.61441801209
-1125180.3475542704109
-1303880.4294678298756
-5840873.8245551846921
639949.53427997860126
517288.75105282932054
618433.51549952221103
-610223.28814028995112
-1489721.9544916963205
3227019.2772966339253
-1390637.4560915660113
-1360628.1003204372246
858301.80670062964782
635681.37105054117274
465520.31202684593154
248967449.12484493852
-49707354.832672476768
43993915.400142833591
5218644.0270043630153
-162431.82241025118856
-182496.68827532528667
-1028932.4802802436752
-193653.33956339248107
90788.673342567621148
-762627.0211630302947
19765.101497645951895
123455.62106823078648
28065.289197172129207
-217386.26905035055825
-171689.73737512296066
191059.12939948632265
14701.118986203293389
-36557.265329447196564
59292.292607315437635
-10238.399140776151398
-39086.780274949742306
144748861.61103156209
-24784357.837463222444
-66707535.745045974851
-1001756.4668162531452
1034382.4688739142148
2080924.5243428000249
-987110.22192990232725
-331861.78881593444385
-371050.72782519162865
651388.65426172781736
-228157.9017966799438
-979434.62239521404263
-630404.60970628808718
-358429.56673212902388
532431.93112188111991
317707.78119652048917
499636.76409638795303
-410490.86264425585978
-93567.810238518111873
-142010.28827026649378
91468.582359889478539
-8309474088.5617856979
-1475105771.9556381702
2817905108.1719064713
-232407329.80348482728
-132584744.43493364751
-84631915.736592531204
-150084922.058267802
29164770.573131699115
4939039.7942429222167
162353521.53726562858
15062853.879188733175
17382174.156535230577
81503937.366055130959
151125.10483877095976
62571249.198361903429
103380411.54212135077
-52257455.215254850686
-16613477.149150010198
-100067424.07649196684
-27304608.258041836321
19004928.877885971218
59465360161.803085327
608552598.17307960987
-8017777898.8169593811
764380304.51258528233
104119788.90177752078
4266815.8378791986033
-123917421.27754046023
-3174681.5452580712736
-31053934.825201012194
-183844028.27025967836
-19047995.375669401139
-6788304.8352179629728
-18702686.794482152909
10616983.409107923508
-53641070.035218551755
-29040923.989742096514
-328881.42534650297603
53132421.140022471547
5831463.5227315770462
-255455.472193182708
-14012151.028531132266
1104174640.7561216354
-121718725.5655914098
38495892.934692323208
2939706.0136493882164
-1751692.9113198483828
553001.12423876614776
-698004.03183556639124
1090458.4773649910931
-18638.867737290169316
-1021838.8161669349065
-123892.59313627156371
-110393.94926659671182
-771878.02663974277675
643918.45456271711737
-183607.99871229470591
293119.9065680601052
-458366.45723134215223
-167178.40895600611111
291624.70731665275525
109017.24276780498622
-268488.70744038309203
-2661121984.3969345093
-117640686.34515792131
108333215.20028278232
19182245.024584330618
-3524513.7388377236202
-855309.49884892941918
-11501223.940088618547
1481007.9151299882215
1366565.9811410515103
11985820.761322578415
-613455.94108849659096
21925.318154114247591
312573.85084858979098
1668276.5763222677633
-434333.63516550924396
-3251372.2680285908282
-1771892.7645649123006
-293054.6884824889712
3410902.0270232851617
483392.44596296770032
-21307.310792831558501
227573555.42547282577
14374903.027751859277
22850265.90663054958
14141819.453698985279
-1387920.9380229259841
-65850.643711376615101
494589.33272444282193
140702.35848077241099
885958.07167540269438
-1660190.1257930039428
514723.86672620859463
427723.08476643153699
349546.10376024420839
-420691.97568755882094
-505862.92038238607347
246280.63207596755819
203520.30242951499531
332548.62466167041566
-82037.063851176862954
-42613.806583141449664
-111269.9369400418509
63261335.055369198322
-74273215.189990356565
1138326.08807835076
479575.85459467087639
1830893.0279748439789
-513505.8132820664905
622461.67272178700659
-235993.60155332888826
-123966.95979059924139
93.208048185929214924
-240396.14079270180082
-166756.63923277248978
309712.09527154447278
-112003.07807199910167
85506.760717034194386
-262351.96784114657203
224264.26220261040726
-92166.619172910504858
-12786.012203486274302
-56636.670341092802119
48072.752293909150467
106458529761.13555908
-1432900217.056879282
-2140764701.4530346394
38286530.506980724633
-48919576.7931387797
-242076464.32807713747
-47239728.134777471423
-65778452.59322270751
50795818.500298812985
136371629.03833305836
11603586.781278071925
-82269774.678401425481
18903955.019346918911
-27544416.37680535391
38267943.643409430981
10280692.776223888621
44424974.454807125032
-22234172.129659079015
-54527172.931386366487
-9495951.942318174988
8205932.0674240142107
3129248140.0993890762
-220179092.88744962215
-59328505.754382111132
42767578.59412381798
982847.11850969213992
-3569289.4132418651134
7119809.4764191266149
-2770803.9281193185598
1694365.9988515207078
-5089747.5781690813601
-1599069.6654696224723
1265271.5955980741419
-1590784.5412465899717
-30145.695851133652468
-1098043.8648779843934
-863759.49737211491447
711069.23303120792843
1497303.9768305849284
-257931.64219213329488
-255385.40155446375138
126919.95475564185472
-1207960266.0561277866
178901224.12991657853
-55222667.804379165173
-6616800.1971991658211
-1813232.9294762045611
748364.22514189698268
-4674435.1868522036821
-266090.24214684276376
389151.08268867060542
1171733.1773262606002
697572.15785998059437
1192962.6822923501022
-2537649.3076529502869
-921195.98619058076292
-745203.62025070167147
-3208164.9275292572565
1495467.9117491277866
538236.01763709727675
1102610.7297430634499
-323827.55300170072587
-143134.81588418022147
-501111345.05163240433
-51388484.189910590649
151486495.08061623573
16271143.399924797937
-14761273.286556413397
845310.92304294987116
-8309626.4657651381567
1731015.5082245697267
3180825.7817420223728
524864.30685872770846
3688796.1076359972358
768206.27100130554754
3552042.7890733443201
-1340134.0215322789736
-1434029.0482281080913
4877840.3184741549194
-1044278.565631606034
1144945.3092806297354
-642427.05471734912135
403022.57709371030796
-65794.784946430227137
1940324215.6352050304
-11498256.623176151887
-4352763.3980503017083
-7411093.5218372736126
-242520.48771353534539
748567.45676992030349
4356596.9604701111093
-148040.17671090419753
617568.17728275281843
-114085.52786311892851
110924.21804591048567
176417.33865765621886
-1118074.1779214057606
-147822.13178431481356
-129924.58962870496907
1669640.6505793924443
84626.137563095340738
59818.374629143807397
-425372.1770225991495
-15565.409790148887623
-41039.966067552784807
-643142099.13724029064
98113191.615317210555
42161412.635765574872
6413674.6962979044765
-2918044.1637703506276
286884.18297361454461
-1150143.0302745392546
-610913.98368954507168
1558651.4467989150435
-640559.98097808437888
-204114.73286607672344
885976.82130878325552
1151908.4182022041641
267097.58596378413495
-561403.11314316187054
-888283.44042170594912
-182378.04778342245845
330712.21894358476857
155724.53408848674735
50310.99333376542927
-31178.95118946056391
-48135264498.947227478
5392369004.8007354736
9066508905.7248153687
-178342910.44644448161
28301812.388482198119
-68757697.323136240244
68686229.996476501226
31422515.964729126543
89642401.74429653585
-55108958.145890437067
-20382761.300081569701
-14940146.344466812909
-96852844.491860076785
34974203.852620080113
-66378273.276912726462
-54673781.741732150316
64408403.392535552382
-14804080.189179331064
41543600.782693572342
-63774058.53947313875
39947702.488527201116
-80750183135.53717041
-3176201994.0515618324
-5218611317.912484169
2584944755.2042164803
118308927.81398612261
54216310.826549954712
-91939145.30914260447
-31212301.87925792858
-12634940.838975148275
-255579959.21645593643
-32322450.23113168776
-17416076.231332663447
66796408.947720460594
8185033.4935932345688
-14901245.50835653767
-75250993.875383928418
4183523.2735872427002
19264101.664133872837
8105822.9273459855467
-2488392.9613750628196
-5798331.0753014376387
1083998487.8603782654
56565698.516110636294
-48266234.152311839163
3554390.6419322309084
1675959.6044932671357
1132375.8575508720241
1563776.059590467019
-149766.75817932770588
-1071484.3644612908829
-2754530.0332125434652
-631993.28301102400292
525357.06809090962633
-1484558.5619821480941
-629824.35582703154068
593981.1870836376911
-909768.84045413334388
697811.19131355255377
-101702.08686976793979
195173.91541074580164
-592761.97868065303192
-28986.319016833684145
6473811729.5602664948
184041299.14488688111
-250051004.65513819456
-31211086.240929361433
-3277064.3353728153743
7036782.8556245937943
-2803073.4383238554001
1355467.9938926864415
1468302.8314522493165
-5112061.5076543716714
973967.00127042643726
-1561973.4282287918031
-2378687.2666524732485
-305337.27352042013081
480861.37728142889682
4048711.1663763923571
-17215.527862204700796
-89196.048487495514564
-988997.98003031918779
-12453.46424123246652
-47741.584137406156515
-244026163.19959995151
40619743.540906384587
30892405.477423533797
397307.50406012911117
-1581004.8813461901154
-1865986.7029288432095
-1540889.2504529585131
-19376.801049056190095
-347060.212387018546
-293609.59643852291629
235390.22536649164977
19273.215315166191431
392756.53439184499439
-95345.345459974050755
-49072.675764831277775
-290764.39454937446862
49856.447830704521039
38160.318275826597528
87165.394710927139386
-1839.6694234345941368
-12934.357886335170406
-216964080.84267634153
51333962.550218194723
7006722.4364014444873
2285198.5941041912884
-242493.94014402004541
-952890.96217272512149
-431280.65260547853541
510330.83385024423478
-334764.54228077479638
-125225.4964898081962
219076.02875884703826
-83531.827677164343186
-171511.23563554437715
6217.1606365427169294
42845.906294536158384
263939.57280628010631
-41002.567142679799872
1789.9132254448127242
-94739.011798332474427
24758.24039244103551
-5029.5732322037947597
2310325.4694241401739
-67703.245195522540598
-182925.59132981099538
21710.418884921724384
1007.7057959276389738
9034.6847463432295626
-9673.1678060900248965
2308.3094746231972749
-1193.5160618562142645
2612.767250598501505
-2025.6027911337871501
-1515.2760155628238863
377.040539952524
600.045827761756982
-2194.6593796063643822
859.5538461679456077
-1251.4318016475199329
-4333.7784908877720227
3004.0803902376865153
-264.23735516840031323
433.01525771658458552
-187363.05451711031492
10111.931011366081293
40374.871439662252669
-1680.7757834334299787
519.87991396575387171
540.72701650859448819
-443.46669789091328084
-115.88198490727477008
-142.25245360692900931
446.22262758545434735
14.88892483866574068
518.13586526164260704
-142.19531645671304432
-67.892297405337984628
127.27711441263447512
-333.83583780252780571
-63.213932736567713278
-248.37098855426509658
27.917024793455606613
-1.8534096910671011837
34.701641532506201315
-40648.332309263932984
-3694.0057103364747491
-15242.006009312706738
-1294.9076681635688146
13.086056189268402861
68.803239633432454525
262.09230376291458242
82.929960932798508111
-1.1576339776513648872
8.0304930954903923634
-22.065309400796007111
6.0991627628066966693
-23.395649247766275636
4.3405769293836486966
-84.407145366898532757
-95.320414408757258684
77.307374840491789314
83.669508847204340896
-35.347097948314718963
33.34576382971727071
78.625828591087199015
331732.65992832335178
14715.500897663951037
-39255.450491822470212
1047.4703428857274048
369.09824740222711625
-42.702803847137097648
-415.64000824315428417
91.032423754628240431
65.211250330740767822
464.67906891910456579
-9.5776049527540081385
255.56947586705734921
500.0764582711484536
-12.645926410049113997
210.12794512722700802
69.293957059684117894
-347.16303811018434544
-95.497366983487054881
-179.33644632278216591
195.27852037490839621
-44.488554849284945192
-25633.719250426416693
-7951.058102434736611
-3157.7616772728338219
-458.12764922889908803
19.795637539473798228
100.60775266968907715
355.86079141277645022
1.5677069359260513703
-27.597054984272840983
-384.05968111930121722
3.5995678859622342038
54.676353244047987801
-88.467172038792384114
-10.312581371186944068
-29.458924986955207004
-139.77286439656430161
47.921143743515862923
-58.687844402247797859
47.513075648872238332
-24.429541253131468181
29.034898801052158035
-85180.355203386541689
19551.338694855225185
-15039.698841978808559
-2745.5669457430185503
91.767810566605575673
279.35548505369217764
505.67938111986518379
-26.172194282107653862
-62.760267393102388667
-34.024395991025819797
44.262856198986369805
-49.48772196513945687
-122.89117511841125463
-12.156497111536147315
103.53628199556703748
85.707888469372718987
66.088507718915820988
-48.786777102168635167
-35.387714005713945653
-14.920234193311001647
15.809851823512165225
-2607605.6594252204522
-33789.190083990855783
-1351455.186732474016
20635.430566910465132
16440.259148659744824
-3084.0062316824091795
31521.373523070429655
2415.8408584047415388
-11429.224190816703413
-10079.602941805027513
-4928.5790595275075248
2490.1391898117840356
22264.034319168211368
-1897.3533721170786066
-11380.687056895068963
26509.485969142533577
5169.2175974049032448
4118.5259264979667932
-1565.3335926880215538
-7557.7926802648607918
-973.94725333222288555
-21031039.924924772233
1013469.4402252446162
-2056841.0227038487792
540314.97190098720603
60314.44846266276727
74275.607561377823004
-8214.3308418280266778
18507.32603737620957
-24002.385945198137051
-115276.00529284404183
-8573.8169006766693201
-30432.985445204547432
49762.532339457364287
8773.4055847010567959
22166.401488961248106
-6577.8991162041083953
-6134.2078311402428881
-17610.755176785947697
-6511.9364943731370658
803.27323270284625778
3230.4817574636804238
751679.12050413619727
78422.487071190276765
54281.008359618688701
33991.135810612067871
885.62917135058899021
-938.62674654708393973
-1698.9968348647994389
91.071712847679975766
-8.0171184579244023638
-5914.5359560824517757
-9.3294737444258508674
446.53794469386042465
-704.9242422830149053
-143.38474760869880242
-183.26548604684097654
-1816.9885105787689099
178.60546986281025283
-79.615039816468069489
397.31701580754292991
-175.06988560286927736
171.64431887136800015
-2059469.4900474348105
248446.65054935283842
67736.493071758712176
-2974.3187308192423188
945.60343487045201982
-3618.2670004642282038
2422.2876336109393378
-87.552173316361319166
107.80137195420722662
413.00481376720443905
158.59598805514517039
784.51422427651311864
1860.6388104833342823
511.40526696206751467
-650.29032322007867606
495.41695146825850316
-1030.1454440224622431
-197.02643401593164185
-1183.4258828414758682
706.07835409922677172
270.00902212059872909
-4970918.6670770505443
295806.32332705281442
-103887.47007287299493
119748.63108211425424
907.71599902718639896
2060.2804968287159681
2318.2437370552202083
3117.4165874847735722
221.97956697304229579
-16338.858317427100701
720.04881401612101399
415.48897513686523553
10638.370301774888503
416.53969788208252112
-386.04512488054990627
-7685.2836458426236277
-413.19868855151270282
523.83463890080213332
767.20664267805977943
158.90716847179064075
-78.901647701716981942
-1348693.6281870221719
-85693.284528508360381
8482.5674913619150175
-6376.359824523298812
100.71731265459573024
-43.326216487287943835
379.34893130365156821
-324.22906981173196073
-169.83437125913141585
2879.6111205809334024
200.35828133550805319
249.55491330335993894
4.8113754782857176551
-108.11124518708133735
-43.078278838351899083
-437.6987435552426291
40.684587534890262361
36.052760061854378648
283.17366337184921576
18.66651062061178834
-10.26813337748597732
-1474548.9674936553929
645763.72997764823958
-259466.07879077634425
-1523.5812915544179305
-19437.445972914782033
-14160.246388575866149
-7081.2692143455042242
385.08031112547922703
-1039.2896897179437019
14984.369683781620552
2309.7096641931702834
5533.7593129688102636
6697.395937846702509
-2433.2797201939920342
-6511.8962248667921813
5934.8630715359522583
1618.3694164821872619
-2436.3076266061730166
923.84214353254640173
-777.56286469725330335
-153.59528730721001466
240199.71257710878854
6593.5031757235965415
46785.746257363723998
-1710.0448794212909434
-832.07226006019243414
8.4333639406691389695
358.66128847456275253
-102.68226801341866405
-452.94847848932386114
-49.993962137828710013
339.16143458697433744
615.62025703354345296
-782.97879251088590991
-78.635311223562723626
-190.85079636026472372
300.55184727439200287
-329.77142244018085648
-629.48105012580504081
-146.89766163931676601
100.91157687114588271
187.42448886066554792
-23043.650777771072171
-36399.105095668237482
4730.5027071865670223
-1918.7883028785049646
-288.2997097071069561
-264.97835838109426732
-415.90772657449241478
-142.02315924868707953
-113.96915740971932962
433.53308696207170669
106.36348029241450774
-132.62936675939243969
-465.3996108769276816
149.42449424599908525
57.137443258689827985
60.23594172570390981
-247.87256609806854613
98.671679415254672563
-35.207764371619482802
44.698278566505422305
-10.409920013706278397
-489454.98802205157699
-46844.963622872623091
-31141.120387360202585
-894.87553279053884125
-804.07547769849645647
-1032.1014054882400615
-1343.6376905175302454
-269.68121907750395394
-261.34226719497695512
1501.8709631795923087
431.49238826847158634
367.5413098979228721
-342.377898948340885
166.05017442024151819
298.80854473361830514
-134.83715843327743755
-305.48475685466246432
-249.94883373408327998
-136.69888851767785809
512.75261502321973239
142.3994410137677562
-122471.73477713497414
16484.046059097221587
-13141.483289600366334
986.02267465196246121
-88.901509230661176275
-523.66049558606255232
485.49343709559281024
-135.97053470486451943
58.793794731351965765
-471.36565362144864366
56.993739728756771967
163.81734700122825643
-9.638201643437371402
-35.076047746116884696
-13.831580563192426681
-141.2515575645327317
139.36458460991786978
62.583644869196270122
-129.93489994037113888
-38.687857453728788926
44.2617522561738852
-340721.56701120059006
-26382.730165284046961
20691.869463768976857
-5527.9397247192964642
521.54551566125439876
65.4584984062666706
18.396625355374471411
-145.81226257182316886
-88.115307820751866075
1102.3063041556042663
-56.112648253953636868
84.744889954202761828
-416.30162697986304465
104.73042193582337234
180.76746786864342198
47.420585303523154153
-105.27640180093222
-198.7241912485676778
59.162194237660493457
13.387909523014739577
48.244607952904544845
593559.11878422216978
2102747.0277640540153
2687.2222254632079057
-62352.288012263918063
359.51286995235199129
-13531.142509918210635
-7932.9459477180025715
3019.8545810993869054
-7426.4992650005979158
8447.3296571843802667
1053.8488725879847152
5763.3325676772765291
-13839.910972284895252
-4212.6910888909933419
-9807.2593711826957588
2180.672255401835173
6595.454480677299216
3238.0637967481861779
4106.1152237630885793
-419.56194817577954836
-1705.7256755738676475
-12949067.495517794043
-955841.93314382585231
-66597.111186945592635
-269982.05524299410172
-10394.767501772692412
2454.7998097395170589
-11677.363558871140413
-2513.9432765638839555
-3914.1753207659285181
56124.967980409150186
3527.9905315281866933
-2227.2214864095953999
-7222.5597908236995863
-756.49443129658675389
2208.0052074802842981
599.20174536509739482
-575.30568671105311296
-1995.2822788302951267
2072.3414550652269099
484.22450616810061774
494.46756377210107303
70694.681788909729221
-37995.159142765965953
72775.653091690706788
2814.8871483027237446
3339.6320565008204539
-437.98189137144055394
-1812.8724305980531426
-439.69945756643426193
1213.8142985308109019
-281.42068317547278866
-393.76904816444960034
612.97686249596790731
-769.73190846654824782
338.58688271832608052
-214.2734446402772619
651.90181086765824148
-161.89549895263766643
25.043580180284557457
-78.636865483964641044
70.435188063473688658
25.494487808670534434
408102.63280773861334
564.25256438525138947
-64335.636376824877516
-14706.953753337402304
-3739.4444418835214492
4037.2327989371578951
3310.8687223352258115
-878.8867616687333566
-61.191351715837676295
4485.7652759998691181
1730.0777475905274514
-1155.1653450967116896
-2310.2012051387441716
-1999.080040639374829
1106.1725799968817228
1841.0502549076932155
1586.6379276086081518
-1005.450616440476665
-556.18135486783512533
-189.81582217492061204
283.22543657266317041
-129925.14995206071762
77909.453615652120789
-14596.318771222433497
-38.553625826068078197
-369.46864038300924449
1097.2320554832263042
1358.6806200157443527
347.75842801796306958
29.5442373130186553
740.50848984454739821
26.702320836016781413
178.79483623662753189
-570.80424958117225742
48.514257473616900995
42.518602336404967446
-326.92611659828531856
23.151852516312914076
-33.916135453533343025
86.815104024782982606
-11.25477264625517293
56.499827337172860098
-421279.71995862957556
-49030.987046334885235
23746.811205174984934
-690.83631971931492899
45.592091638323417158
-631.5904367072793093
-911.11074327173798793
-328.14288811173406657
-4.3483655372813121431
388.50430449037008884
43.107453865403627447
163.46021152560712153
149.23619745565898143
-114.15258231432238745
-55.007237431822851192
-295.91408076350649026
91.405945507815957285
59.028759715365183069
127.61209898664959894
-28.632417966641448004
-20.50350560753231477
3275182.9188240733929
1877195.8394683122169
-114034.92560491984477
-51494.161043015606992
-14423.533814815606092
-18017.415449653701216
30981.171303247294418
3804.7738411273198835
-16171.198785969801975
4906.1973520728579388
-6325.1927931820673621
399.25972035621731493
4450.2586823408109922
7534.7603279300865324
-2226.4579414976510634
-2645.2756387639487912
-6659.9834961343494797
479.45757642102717
3374.4521182326111557
1282.1244427232868475
-660.76834882170737728
-593455.18128925398923
37234.881979310208408
-34360.766333574902092
-9121.8444623219875211
64.232492608831336156
1167.6176643839223743
1310.7502071235553558
-234.6436513849554899
-510.60982689721095085
1728.8606953591429374
-156.45806892760933238
6.853178388542725763
-318.0905042125602904
269.61741103339898018
36.313874240992156217
323.73829540761613544
-266.45959455038075703
-280.86758183276282352
-61.180315756007829009
65.523187110642695075
44.094112677414244672
-352687.06730711483397
-54422.460129234445048
48842.294355664722389
2830.6673348876438467
204.91865469026615187
659.10134341408524961
-1804.7438049057348053
-356.87384499327686171
667.29639970061464282
291.36208547526138091
-480.64854152434742218
18.232146755782586922
767.88931062137282879
340.36316898593236147
51.787719550112640832
-281.92377371023763999
-366.0116626496036929
-200.26363611642543106
194.10797402612286078
83.840391110681736109
17.904849951037782319
-26751.456177660107642
-66996.266624252079055
36126.675200480371132
14756.884165196206595
2192.886164848727276
-92.74227114284481388
600.67784508566421664
-1286.1194864421077
1549.7183732360470003
-5515.8112266860634918
-1013.2461102499690924
1353.6204075644209297
898.27032852481215741
869.01977090731202225
-56.48326167163964584
-743.16585457115843383
-381.35622273584340292
70.159353849190168262
-297.29892871500584306
192.07300410743081898
107.55764345026541662
-450556.75824684050167
3611.5947491840565817
3218.5924154549074956
2322.3588678044029621
-427.67075676719457533
561.25477721311472123
253.75337771267004428
-56.431961208243649253
50.263147461333367971
453.01084596341559063
34.220298896822868073
79.344749252513565807
-48.092395284975225422
-22.395421649794794661
17.095633567518202511
-471.06324013999841327
30.528810715743315285
-25.666174630611685359
112.53672228735010208
-10.90721640511620727
34.991124255069301796
605611.55145144334529
-35818.329481344902888
-22284.220080141232756
3435.2604646798840804
187.91429326901942432
1697.9500369021327515
2628.6550502555969615
-219.40662631500222801
140.31510344402019541
-1564.5607185296921671
-0.81327887834262890809
-160.91198851595297015
791.88943242785592247
-93.339830417656543204
222.21345068743255524
-477.17037249201308668
96.708816090252653908
-158.24295713305650679
21.518946988855898184
-26.649915511290700465
22.729882768753181921
-3984476.4436979754828
439412.16280166996876
-1506395.9100288336631
-63848.364477251561766
17825.370784431535867
45413.9617946879589
14574.104146362726169
3622.4576049461979892
-8786.6635044221766293
14011.629310608459491
-4828.6003147890787659
-1754.4089537648244459
-778.16779192689216416
6199.9842460274139739
817.67773125246367272
6671.9600938278463218
-8572.3705075217894773
129.17857080636375144
-3398.1538094803722743
4649.3192653627438631
-2077.7564546167986919
10379707.637675447389
-534744.51522858859971
-263329.58873751491774
-4899.384793014924071
-927.19579072691510646
9787.9447531316782261
34961.978632933300105
-6776.8052765660077057
-3455.5914719335505652
-10905.318824134410534
-1587.000182020061402
-4096.717264990383228
-5531.6329245806682593
-1551.2739218511676427
3071.6590224709502763
12062.165414518614853
1538.2140511496454565
-2616.4943045793447709
-4230.3680830495522969
-610.94803184125089501
525.00144137392408084
-70794.657222058202024
27799.669085135290516
15186.031030321351864
16811.388384292677074
1459.9906573014870901
-1111.9023999779446967
1638.7124900367543887
278.7919647673040231
-364.32203016209302859
-1902.1019327744638758
-795.1624942780724723
-408.24071344523707694
903.24121360013828053
372.61364205272769823
7.5787447942765586717
17.777742598170352295
-206.99342225769478887
-160.7571418955294007
-66.465725326201464895
4.8097770198146774234
-9.2684856218851052745
220623.22696398981498
-53324.682485156816256
99104.396115065435879
-7858.9248152395930447
695.82300421996603745
-576.26483737580099387
-2050.579087314150911
-111.62388909257536795
1184.7188419894002891
-458.81584439521941476
129.66315462119189306
602.36509363295465391
-239.14510887394706629
9.6964253250195273637
236.30657411465975315
250.89694545777595636
-10.171357478598466173
-403.69475671105305992
-129.72685359506294844
67.217904680003996987
158.94690116612235897
-47125.428469046622922
-5235.9390206283023872
-2209.9831993086227158
-903.04286336253846912
-48.468260067068548835
-247.30462936907889571
-1104.1288541626058759
-154.14928623295134003
-247.04631249138910221
-289.07955222905559367
-54.106427408194640805
-15.993081288543939067
-100.59191256617934584
-30.240142731959622324
24.625761636004991573
-64.412473486408202916
28.683275626937735581
-10.725508724772106817
8.7148612769907156661
-9.3601122867751982426
7.7595785440046185499
-282617.15686495415866
-69628.994100770170917
24069.214659146044141
8939.1822103067115677
1866.3232307851490077
-1221.572325439881979
-509.48601202598325699
169.91704588736615733
-102.27390084021253358
-1084.0424793966074049
-28.805666967239194065
156.39881879442106083
152.01810004538549492
-71.291179391304964952
-151.52217096490707604
10.383194326476555602
63.646252060847167797
105.65059587901055238
-52.430846272236664163
-22.957450043885117452
-10.520474726844881275
-224339.42273375723744
31727.271717455343605
25359.808897290284222
-2415.754313307002576
-24.146581361900988583
159.33530509681176568
1074.8791686496701914
158.67187520196159767
74.671222590957199827
-542.06764359855128532
88.397575557435004612
-108.83789042637177147
-53.45627137569989884
122.75320125923875025
65.149581277644244892
107.84514917457994443
283.3831760604435317
303.01338648043508783
337.31488858083685045
-165.76682914071304253
11.079192108021210572
-45356.623414484063687
904.76803181582545221
-9320.5717309941483109
-619.22881470444713159
24.020324639877323136
-8.9946156052370991318
62.981476007504362258
-9.5774024444641909781
1.6865656187931055143
84.622119761056680431
11.717655702536616147
14.181326512386386085
45.243948054192557606
-18.607636083897922674
-2.3874210873402987865
18.137506588841095123
23.34888896047641893
18.163342201118400254
0.79097688059449533515
2.6124840438676355525
-12.617867818831340898
6584.8303650167717933
2981.6673622324105963
-36.097249968888561966
68.882300121643169177
33.847279221403695715
-5.4692804949584186147
28.989734819261219201
-3.8651023696439454902
6.9352472358077292824
-27.683225598351217656
-1.8583712613399829827
2.6751651164475629407
2.5003270726964306192
-10.188702114459525561
-2.8482238053543706968
-13.169204854723021825
-8.1667973116619769769
0.15647881973961916269
0.69209334771907415895
-1.6617563578084897369
-0.52967340537422724633
-9005.5274858541597496
764.55392773268795281
4283.5484271979976256
-135.6654822571059924
25.869593278834297934
-33.122613243692384799
210.78034397511785869
15.923061649154812258
43.904765246771326304
-148.33129653971911921
-3.4609448195058245545
-1.4516756202915617191
-24.760937957481019112
16.633526547858789257
46.860519482272195546
-63.255800291536985469
46.901800697786640626
-3.2586897010424542565
-33.403017682531952914
-29.901935213070380826
-2.8962047933447516712
15005.81570690616536
-1138.6476699427132644
405.56042636015223479
126.57627440137720498
13.920841774126262891
-24.507133837249856612
-44.931122743603353342
-3.287813314762007888
11.088750696598449252
10.40374269682906494
1.7475856292235059097
1.2735508795869097121
16.665978038720471233
-5.6271238514360604199
-0.52940575736741180002
9.2041952476817705531
2.7092461168988610787
11.728065262504498989
-0.85789026994281758487
1.0692314005518859243
-4.4732262283381079015
13650.922866779006654
-4078.1553298273374821
1783.864839683985565
-111.68729696953242581
-37.913830061785112946
21.943812054398410538
-62.60612268845559214
5.1685652525362177911
2.4383397456918824986
41.538792071448085608
7.1717405542251837502
1.0960655178787195307
-20.045646430010396699
-0.13276646775009182111
2.1281916589829439346
3.0629172589382060998
-10.233708875349238454
-4.4770060295793534522
2.7592844983594075892
3.8916689152401837681
0.2618597685580362211
367170.67179383849725
-227843.24839785564109
-105007.30012871384679
4361.7209028187717195
1802.3441763296461886
-3884.0036328433543531
651.41989423838901985
-264.40705673975708123
422.75243172180029205
-2679.667845281679547
35.543994236845513512
51.14552497546258536
-1531.8409272023166068
474.85748463473385073
107.1381559846419691
-1683.1147610645648456
510.65112611936461917
600.38063919940987034
1370.8716237120765982
-1879.4137419614041846
623.12951474534531826
71738.365471057390096
477258.57261761417612
295971.27026101952652
-52034.008843747484207
-2872.3850424910524453
-1104.6522930163669116
-5482.068751021168282
1791.930215745501755
413.30566249563111114
8216.6332571899401955
65.676542624136658333
-419.45840659260187522
-1811.5143791030616285
-584.01636001014333033
2511.2930331613574708
2229.4267072612624361
534.81249604541460485
-2285.9536340648537589
-85.944697458352223407
-237.13893021626904556
580.7353123209234127
-131488.22042521936237
-15699.015701022177382
-13989.549276493960861
1339.6551544461460708
-70.443521450437145859
-51.606587520925401691
-71.086619148830735071
-80.145448608150360315
-2.600016016421940801
-92.834647555028894317
47.634195941703943333
-29.02867091173805747
169.47058795123518848
-120.88978507387106731
-64.085976565532803306
166.82380367027113266
62.890630077664042119
62.821723448099390907
-81.776330902052706051
-12.362870259919109373
-19.637922856504999913
-234570.81475018916535
22399.048342067871999
20117.634169523043965
-3029.9061250859299435
-255.71407263588420733
-171.72858875959639136
76.331863308695275805
71.700165319062435287
-52.796950313670365063
236.65348714957943344
-6.0386449626299514293
122.41182958717531903
-368.36383805971826177
35.520290443381462353
67.251957074811940629
-72.039378000833465876
13.825354765184714623
45.688698452164885566
10.817212123751644981
-49.753664368930984097
-19.558788857199534306
-360788.55070541868918
-26595.20554531374728
-12285.85117645207356
-9880.9399140871828422
833.2291972927629331
1907.1073905168022975
-5765.6912352535709942
199.08338173572593632
724.26278524103065592
491.23644447872476348
52.436460522769237969
65.587921195478855907
-1471.2089292003286118
-43.715185219157916663
18.794297874039667562
1382.5467097337773339
19.472576921978923536
-52.36296481280376014
-263.58034019373951651
-5.360269263199600509
7.6634953331593838044
-49341.531307171069784
953.56992644410036064
-2813.3270484821578066
1245.7447323661967857
-127.91246464069958222
99.40038287318961352
-16.856517814161030344
2.5980367922689855398
-41.141131887877193662
97.126606694137478826
20.719451669413249562
-82.317625476249318694
19.93926597175966009
-1.1900960457792222336
58.639784848643166981
-140.87015463748096522
-4.8524938110054787188
-43.343344010891101448
40.901239261876931153
2.3431942169420652
7.4081052838930405713
-457632.77658872876782
-7168.500214147034967
-63338.277060714055551
-5713.1260177309304709
-135.23231499929246979
-204.3967836659597026
979.7136911208112906
-362.63349896283472162
159.27315336524134182
-36.896486945132863866
-138.0337542437236209
115.03681583631677654
-727.85825377617823051
635.17007436130586484
1012.8060209062081185
-305.88084633780033528
167.81943846086474537
167.42905151804370689
828.38126881310120098
-51.296690127935818282
66.114507595526745831
-103498.88266938544984
1378.5536218537595232
7393.6116743574266366
-1890.1185037036109406
-21.483672563830374713
-35.358042097809658344
313.32356786729246778
6.4440417256092370479
17.916381798274777282
175.96562675803440357
-19.094336090512459947
-0.003614442121884448543
73.898272473116293213
15.883606678120544942
-3.9339344413929406841
235.54283815317538142
15.19576745250917682
68.902272119090866909
-61.527217185413221046
4.6801605634331355787
-32.926022675553141994
-6401.2078101548859195
12995.247464092493829
-699.07110686862040438
-394.17498237274861594
67.185935269260653513
-20.108501368951131383
47.633160386975326617
-17.671056478259103528
-23.124124588237322087
21.681578827880123583
-25.033254579284609065
-14.014682465184034044
-67.934238056754097101
-19.173217145410788476
-13.467018381082667133
5.4086521640450051507
12.005297843154355775
-11.880435247175388014
-12.298222049991943905
1.3197151196164271791
10.349538214377682621
-66955.343354479409754
-971.46135200103560692
875.39456163824957002
-695.11290758240011201
-135.28313562714063778
-61.924570469500366698
-51.987211285544375983
12.33760473858903417
-11.477485268440693389
141.06053827099412956
-10.771282337940977669
-3.7755672750817241834
-64.359762274189094455
-17.351006157253166862
58.436688484706429847
-38.167531991376371536
67.150006739086450125
14.264856263574690942
-11.655917316586517529
-72.761611756246011851
-22.316433595835452053
5656.7769850368013067
-2607.3400095366782807
506.97450077588649719
237.32784193251842453
-69.827271290685061444
15.977469546220191887
-49.358516631313044343
6.1627370237596448277
-11.792295106805328331
17.775524088559407687
8.1227779755281481755
-11.442261546821878682
12.547381501306558604
-1.7600958757417100031
-9.5778554650756042577
17.451495175908622315
-10.24559700994193534
8.8307634415167157727
13.19729039477395105
4.5968062246531564696
-8.7437966723566571403
-2253.7009306713466685
-2678.019172766948941
-3437.4638364208535677
92.107513886191483721
-44.042087459991108744
10.897900916656135806
-43.958026560407695627
1.7067853051941901388
-16.414861833193192808
72.737471352762156585
5.8878350743092990882
-17.469930012484933712
-8.4702666953823211315
-8.2125099120241955575
-12.046589493408763616
-15.20484984419930008
5.4032570355980391597
20.896252774806612251
9.6663365271113974586
0.71174479802716439369
-6.2914000337841695654
-278625.2009846084984
-145138.74786179739749
-49447.668708433971915
-4390.5085003707918077
-1132.5092935607317486
-625.82035360543807201
2921.3303143498997088
288.63071304010787799
-363.75709416748031799
-1779.0168828775729253
593.4932937495477745
-961.02494715587636165
-2452.5062629084368382
347.54927084874316279
-123.49706360885151923
-1135.0142742159023328
396.56914647670254226
442.19332923127132062
1678.4061016859677693
845.2154298113415507
-329.48308685145002528
-145997.37825422280002
53318.547544735767588
254692.74498853599653
17243.403778931438865
867.10142873176857847
-2879.9772734896650945
1622.8118003934048375
242.49774056564334046
431.64230639513999677
-4243.4001365208105199
-467.02132247746448002
364.62149193509435463
2286.2287134799730666
-36.233803951886478956
1264.2900180748877119
28.458867623343941489
33.357324121732197852
-1221.0699829155960288
-308.77937893541985659
-82.368485365269080489
328.57733839547529442
-114998.3850002818217
-36941.43095181537501
-6065.0316169322513815
-3150.5768651868665984
406.55650741541751358
203.33613878122397978
-225.65902149502667839
-110.26237899300139134
97.675843013443440555
774.90338638943660499
-8.4205516103552753293
68.408034127771529143
-291.73343899807497337
-99.553412457375841882
-52.265119846996491049
137.38846019690609523
85.24851124474810149
62.332184548422659986
-12.512922618164672883
-29.751225906132965804
-4.2536694359869802184
422109.56239570147591
8068.7059413699917059
12305.877427110137432
944.14723461145956662
223.13066497547180234
-470.53028664085007904
2407.2216563814108667
21.986426245128765089
43.099627893848129645
-570.31161920127658504
-156.48039674117492837
309.48659996737330857
-214.60892027591265219
187.17199914101905733
-225.09272692759165579
359.39513785398054324
-148.77293004970422885
199.81891066729261297
-156.89569161635213845
14.795666990045818423
-49.224678068588282542
-71952.939995857421309
-10690.660840848213411
1255.6988912116119081
621.71423888840706695
115.27588328222472569
-49.185049775297443375
217.40250450280359473
-21.575994054027848534
44.105166093532595539
212.6139242292049687
4.5449207875319617145
-0.74968714366958832951
60.032998002000660165
-9.992041458114693242
-13.546368035701416233
-25.559876317498815723
2.6266188977949762595
8.9603811848563523768
16.9203252501938195
1.0491307019791245025
-6.1333667948018195659
-57777.174260937201325
-6280.3707212930585229
-3437.1751537756281323
-17.879868867653740949
82.490414775957660254
53.384009413546870348
-273.13094555214860293
-31.284320696911478876
-38.070071465878989159
28.508484519230222531
-24.648386976865527487
-27.233075285423254286
9.7034580924366409249
4.4028058050492022701
10.919027523213390651
-54.845733148907314103
0.30292634894099451648
-8.2741320435780405518
19.141223184059214191
-0.51722263635670406856
2.2499149219694452029
-469738.93408298154827
-94204.536135515008937
127410.51756899811153
-20834.593519620219013
-2841.3118740920144774
1943.5674922783271086
7498.3315388232613259
-533.92632485077797355
-2229.0280872578637172
-1322.7977080398079579
133.52309277996837977
1220.6486282498776745
-1044.0320053190771432
-2.9082931022954623401
-57.960129440759686759
-256.84615656794636607
-397.10115905201132591
299.54140998261937057
1058.5321188089942552
122.89781266007734928
-81.842428468401948294
21607.735991654190002
3049.0960602468267098
3264.1434279625823365
1277.3851856377959848
-279.34203667841575225
48.651257810429420658
102.80311763964232341
-4.7349093322761186542
37.729227899302792082
-83.11569175861268377
22.206175721117105581
-58.997647416496711514
72.849671910502053152
-3.563596395605060696
43.52747886439330216
19.748185418944167679
-6.5357280301281832635
-14.648569766382360413
-0.47947108741764432605
2.7031789348817154561
-10.069356124564604826
-21492.904671680906176
6219.8223513527591422
-8366.0719973057948664
-1519.0683193852742079
-166.41669328028299901
262.58099365162451022
-75.805351887875204397
-11.613421712622358228
24.713147832431818784
139.10077105012814513
1.4145998844550551343
-33.548778397629916981
39.844967875782792532
13.15368047410782637
22.696405569969499538
77.661233464629148671
-20.698323228538928475
0.019246915763969987823
-30.555209063595057728
2.830455633636543844
4.140329783564828503
194982.50589367729845
11821.634792877810469
-20150.679778577177785
-1738.5301573891915723
-283.65540480187837602
1013.4595224328015775
-52.204275676896308767
-83.18519272962188893
10.237398738793991981
-234.78268713122110967
-5.4938133344994470875
-116.22292163708804935
-298.18477644974137775
-52.836190136330472455
17.455544748651856679
183.25221481168406967
71.880619889109482301
-33.144260577346400964
-53.20728897707203231
-31.579168106850765696
-15.915295352739118329
-42565.987604199748603
2667.7879740355556351
-321.32195704851352502
974.9606811683528349
-40.901441745942221928
-16.916249605393389288
50.543139263203940459
1.1536104228415904327
36.145933123694796052
-25.220671167198574381
-2.5783959309055712872
15.401178144989932761
72.620110211343686046
8.0333934113281273426
-19.240858580186447568
-39.549059839018696039
-7.2520200042840858856
16.224049346421676177
10.406932873528029759
2.6583714647541012432
-5.4613852612194460079
69086.988213132164674
-11715.381180546724863
-2009.0672917980364218
-2256.2381531950495628
184.09354789748988424
49.987881622236919554
352.36555482568508069
-29.125921690313052892
17.630629031021516795
472.91181831104535149
-16.098455598953346879
8.9433178023405002222
-6.7523947080181123681
-11.693059392814376451
-17.384309797885233451
-98.983658845990589725
13.128170648627044415
12.725847250839075642
51.718224722408869809
-3.9861688566486850327
-2.2708376634476654665
883455.20073320530355
-13804.197006138247161
47069.628410215889744
20361.49524978635236
841.3587260802619312
-1860.6417308470411172
-6031.1083686079000472
-36.262665125213970896
1398.9299313158994664
3050.7546317783476297
14.037334393933420529
1209.9073187092503758
680.67389980993038989
-608.5322951424477651
1705.5312114308499076
246.39668071355058032
-1231.9933995587900881
231.20624456036844663
-167.1551723450656084
1055.4512368597124805
-642.00969676398210595
-2555237.8499984066002
-121673.91959677480918
195469.74355992148048
-15679.684090256636409
-200.23192564979515851
-3817.8782636637347423
-1509.5306843134233077
-578.33177138538155759
489.32178480194778558
7847.6709802356217551
-154.35659086467603629
1052.0335390143970926
-1158.9067854895392884
101.45540895870207976
3.9279635970506623366
101.85538474898433492
-206.22297949154051366
-189.16799617804841205
362.21254685721504529
56.79400566012780871
96.604315792528097973
-153399.81688621948706
-28088.959438947957096
3017.7380667325182912
-1602.000848455968935
254.63502748647903218
-285.65781234323191029
-129.99406648776269435
-97.669128101376713857
-76.614920390083511847
660.38839760331802609
33.235472445381546436
3.8346677202718448818
-151.60988720759493731
-24.212425460795277132
-10.103250300719480492
28.908013304156078505
19.793439273946400903
20.255903734467889166
19.726448268237156469
9.1804597290814786703
2.125367313374737499
-138254.94849682945642
2045.0916058495604375
-8309.2843692455826385
-615.08700402562772069
46.999540554022971151
249.86009087040679333
-303.35970976169221558
33.045777126882313723
-30.030889114083738178
32.947058868136494425
-11.932502609022535012
47.682380830615933576
49.549237166154625811
3.8073938110475848973
-96.227076860164032723
-39.565000290019575857
-2.3543608907176967193
88.146193452251594636
12.610430085837114333
-4.1156304987332861245
-25.229749495456111674
-7857.8941763824532245
729.27294362214945522
843.54471962162028831
-576.75071993376116097
-27.580080682877721188
-56.691931903427160933
-183.08844395226446977
-8.2713080315682212529
-4.3034768423431071227
22.625387664126151321
-5.1982802850625446922
-4.9391069700856533586
-3.7891622980703432155
8.4991905113207568689
-1.566186549616263024
25.079044840442751507
-5.07005927337616491
1.6269835392809237629
-4.0173875109289554075
1.2391746830254379841
-0.64438922689335986771
-66330.76165513516753
-644.49427605888024573
-1797.3257667692707855
-185.00686445886529441
146.62803459170518749
23.451373294804238157
-183.64135412005805392
68.919582961376804064
-42.958603785313286494
149.97288177518879593
21.984720202019946811
-30.616669449791828583
-101.02503013971265489
-12.949134858620475086
24.44693914045942762
50.013517140908746228
8.479764259366817214
-17.097094675161017108
-2.9904265658178958986
-1.5524932191440175
2.4210571868699881648
6330.0322016893142063
3312.9120436175976465
-2002.2098019222808034
-307.62635957776535633
-16.160542306541817226
41.12814122815433393
-127.31126768211063904
40.03590098744506065
-3.204485220847135718
146.91210206661608595
25.205484149342026967
-1.819050483664843787
-27.852198576131286245
-3.1840569714279616242
-58.465202666624747962
-24.600449183470722403
-35.368447784014932722
-5.2129776083020180621
14.807390103512600987
12.254771546264022319
-1.3290295447645505966
-5031.3441705220648146
-1361.6090131178430056
518.46068570160707623
-95.736125665823578856
-7.6192266470015788116
-11.996614441782995186
-19.959740442751854772
0.92306305454365333851
8.2713337317377924052
32.262345927591702832
6.3304485706880466722
1.055697922801070332
-3.1412115990923714648
0.07550775746539035993
-5.0959010358918410688
-7.6994991825961847098
-1.373095477698817346
2.0175861685072273843
3.3045083528150911434
0.5277304442533441442
1.2506014885802509973
-2780.773654721861476
-427.65864866826785828
-661.93167921709459733
-79.952495101730775673
5.6320742938991816828
9.7282781523743544483
-4.1468894814376033864
1.0897678773192476243
-5.2016250924779523501
16.494181291732548544
-1.2555930697191564072
-0.51724540681528807795
5.6595956252658377039
-0.79340841232748804401
-3.433856374592429983
3.3976280261657185733
1.0222740614089451672
2.5914717133441871333
0.76761629299166878049
-0.41250474589946334314
-1.7111046805296323825
13924.739035355385568
191.41982534289698492
47.922397079150300669
44.116379837112575046
27.08245681741239963
-17.226028668758939233
-61.238744914557052823
-3.9143103323812127314
13.760630786373067025
18.634519774794227942
-0.59640525125036847331
-9.8338600450570385902
-6.3297289120305055832
-0.95420167055225513231
-5.3307854312654043838
-3.6976778311499649554
2.205729089542589616
5.3294499035039146762
5.8896612416747160523
0.54612233635249518571
0.057204961150170111073
-2683.6453660609199687
203.43094495466883131
858.67762832115568017
-23.773439546887296103
-2.1451532910909412166
-13.837419048044345971
-0.15188970546409855111
1.1759761072165528795
4.3701818180361478028
-1.3575397574326657502
1.4460048554281332844
5.8882700128108771409
-0.030214496842975373941
-0.14373824556334907632
-2.5838356671364506312
-1.4055268060981471745
-0.55937508919290490628
0.32488113594697520803
-0.35046272501645381325
0.027150960797356026716
0.41479161368126554743
-5383.4627454888577631
896.59795495347975702
-761.10698258262641502
-84.411848772990580869
4.017654724998724447
5.7609629651287068697
-15.668017970120571292
2.2021307845274322723
3.3239583368987193346
23.126719389604168953
-0.13470778049948678445
-0.79524510301175488358
-0.19172559879833811491
-1.0370141055169879163
-2.0313870029760763281
0.36876697409798442351
2.3883168123960203388
2.8253680697932068711
1.3129872676197302805
-0.76760279867143565991
-0.85869344604000086285
227228.21429126092698
-16454.709272193391371
14024.029502917241189
-1061.8588260953770259
434.86806020113704108
290.93265874502259294
-497.91024825423284028
25.496233707967434157
-42.191161782889395226
577.30897109502927833
-37.789798133273308167
-207.39874754957244818
-365.05379513186107943
42.075307505909130157
131.28449168803149405
144.35713770146114143
-104.29279871416153469
-204.66340395779826622
0.45358506386955249612
110.65990302785100141
13.715147860084233145
-79853.139389175106771
-121118.939157589979
-15806.640028562771477
-8353.8710007047284307
1082.7053278394805602
1034.6775752364962955
-3655.888803236201511
-260.37095926382323796
804.80122266847604351
25.597079477351236676
103.17380427777882801
404.00134195543580518
-595.1369521082403935
-133.73215852544328186
-400.0970542120573441
403.3136451512310714
98.624069096617176911
305.92606042963046775
-67.910970360935223766
-9.2131440546069729436
-64.051060441457991601
-97441.230908175217337
3407.4514615041707657
1676.0917966773718035
-895.46337160835139457
-47.039456180300071253
-16.271468565939532169
-204.95325574594954787
11.101292471508001469
14.146710640566478645
326.43040519364933516
-9.0164910463726890555
20.083043840409530389
-81.169230890993631533
23.302085914359558672
-10.436704007277764816
-17.373667601656226367
-19.359873826766829552
7.078491454733163657
26.776641491124763661
5.522218538154854528
-2.2439369094103667202
18002.90361152206242
9904.7990080854942789
-1258.3527105269047297
1789.3213509291288119
-169.68366248752116121
-36.743194975846371619
-66.282839836944390299
19.159207519064199943
26.443553033646768569
-182.65271902667757331
10.397200736204560201
-34.752259277751008426
75.479399834714200779
-1.2197779864048265974
3.64467282877397869
-19.703841983531319215
6.0897622108589350987
1.2688939862418930904
-1.544303337634672868
-0.81540784811024236145
0.21403431113957718801
-180046.93687021118239
13406.339585634326795
-2174.7507387756404569
1191.9521870743501495
-436.38323543487263123
323.45496498130313512
-676.65054327857546923
-67.781998162190120638
149.23924979017721171
-207.28121681286660305
-8.3985477819239520159
53.342679792717099474
133.19947682802768441
21.419593569746467665
-29.625111030481267704
-120.13346063135877273
-18.661374612972462472
18.107737093036295306
23.225805406551316423
4.975670316211317612
-3.4052739720434961335
-34815.179773326330178
3442.0576128622387841
511.51057271966425333
289.14852196725325939
-94.884864173516049846
-103.53599453595029445
114.89657837077648139
-13.56988530642601809
-27.155750215405991099
104.96207616634023907
0.66116852279886695332
1.3447554854718251072
2.5427727340172250337
-1.9401432069995991903
-7.7038549144468611019
-18.951579701733866301
2.7146724747865600413
7.6362892220585667502
9.158264900997414415
-0.33009163305733202343
-1.6270627828672115101
72803.131558983732248
-1804.5317819707204308
1947.289471226003343
3147.3770771918261744
-212.76809526856735033
-15.931517255495160512
-26.341554063080085513
-110.08679894248761855
-35.780906833638390196
-446.83859688191745363
-24.651166941087630846
-57.39150100755313133
178.26214445956196641
-10.049271847911743549
-102.83161643644785954
-33.477682116276440638
-36.172257592283251881
-14.677040705079084759
-38.46461406413070705
2.8002541484569714036
-2.3058312889802050627
-470.90602929344163385
66.654459035882453577
-294.48614313582265822
232.81969423723117529
8.9108064097725137032
-46.01013833357188787
-37.41175678832083662
-0.83917737824114557732
7.8283614693435081833
2.618338128262108544
-0.6565745117006261955
4.2678406301500002584
-10.621739304040229257
3.5383803908986122266
-11.277958092572141879
-12.941788066666225276
-2.0587925257579318128
6.795982445103919467
3.5038453111677534402
0.16340031282509062671
0.82644695481263130699
17344.168038779327617
-1471.16362980234112
-135.48859211205336806
-81.49694907889167439
-8.2758833162286151719
-12.794552461007025812
31.787682614652311486
-3.0187949611543558603
-2.0122270978027825272
12.015152428497128057
2.2896309006545081388
8.4207399133256526369
-12.218610931661476826
0.67782041804956638664
-6.747697016146057436
21.606574859615349737
-1.0396693627310735764
6.5134357110232796728
-3.4643726837715278499
0.21245179225748486718
-2.6091139970548593574
19925.449346159748529
3757.4050731626789457
260.53534708865942093
196.18547593943466723
-20.225644495900919395
-41.127500679556327157
-65.345640524091407997
-4.2396174294764721324
17.52465501786691604
43.627221886334190515
-2.1264749121787085429
-23.396263335803165972
-28.127345474295612604
-7.5782472120577315522
1.2706660740449557956
5.2580753078515147791
10.396102961881597437
-2.5185854292909675145
5.3644391836578089183
-1.1260541042592300265
2.4830740728506190962
-2547.2434217959698799
-895.36175702931541309
399.84654300666210247
-25.324077274709132723
7.6131533797920649675
-7.6678334380447532581
6.8602214579345615064
-4.8344142508304157602
-0.8263059315191914056
10.308279231072237536
-1.0851176914153475295
3.2130209382696763853
-5.133871903265777803
0.049010878320773748618
0.44759468961399651032
-0.76001736998633118159
-0.55817793099990697936
-0.58175348775486523945
-0.28447559076718659243
-0.071615684627104492233
0.58317952159187069761
-8004.1817057949501759
-1406.1893338253735237
-17.599079882777047601
-28.932764843376560293
1.3810821523154026558
-6.9649193220701706153
2.1368586381557062026
-18.091970989165258032
8.7558032302339281472
41.993185852416608839
-4.4025726648703171762
5.7601056510579011771
-4.0928228003766600196
-0.74019285977445592462
-5.3472996186598384938
-4.5306945649678658228
1.7117133728745774768
3.5794158421513073698
3.3370796157820814543
-0.5197348859092404405
-0.59494462375924728192
245103.16320356630604
30298.057783560085227
7024.4549775371688156
1483.0804189359203065
-111.99198176806680749
-19.565329312412643503
-228.63587336201047151
60.668900271338543462
4.115829276064831177
-447.18593455124164393
69.891722722111467192
32.891891454139859263
-86.9394857986651175
-60.648209790723697665
-49.173586431313495382
299.8808721555897705
1.8119891093059623532
-33.72417269515416649
-165.20576296377589642
-49.705709663479240135
21.411977992877204713
14235.925069266946593
-5697.117199941677427
-9929.9047110889459873
-1575.3141149796645095
-133.29239727278473993
-435.97345553621966019
-99.152377180868768392
-37.750317119503321805
-227.58309882998352691
311.22771810162629436
61.060929756277012359
-68.876928822077445602
-68.794487575549112535
-26.780119094584886597
-72.807449811993180333
-50.95954638262185199
23.628054643468164642
79.355005224871945302
31.545280183566884347
1.5243508192352974717
-21.3791938167520712
-11905.915799655804221
-9235.1849974932756595
-3116.6937552196191064
1113.1668189591619011
137.19020083215190198
224.66412728202365656
31.178415259883550448
-32.12817421677074492
44.693661985184640173
-155.90330383420268845
-18.466223441405997363
-12.443149653375344954
23.264924545357306584
-5.5707408100230590975
10.480587374681425317
6.9103917921371431632
8.1806129438635082352
-12.502847163210979886
-9.3829079843887441825
-2.51886821547624562
1.0418295862933688589
-62491.462626802873274
-3199.7595409383284277
258.47042727634226367
1857.8079175800310168
244.77857120426747883
-87.213462684540516534
656.88558459916396259
65.544527099297326345
-25.307844112899637423
261.13686196447434895
-1.9857895909345166796
-43.963154030303329023
148.16034225655670298
-3.5344359334987465182
30.703939015842376392
-227.17518036732502651
5.6225765524965485298
-23.022063824478884442
68.577975374942596432
-2.3622645806102511301
5.5726627778047133077
10426.165566851708718
2437.7225675765303095
211.75702239949657724
511.47664905421135018
-25.612476391045131408
-2.9001978871302034335
229.46307745955195401
12.621718049858239752
-0.90834538520613794521
-8.8728766425041811772
0.53457195245617850077
4.8795773806640996284
28.729542524118841129
5.6453737031522432943
-2.7150647061980182073
-32.251036867406256192
-6.1988218764235343272
2.6163690096302056887
6.1411561613088014866
1.4464133241652035178
-0.56199507622309163857
-25379.469713650934864
3781.9450002625694651
1143.1000639009396309
-582.4045378352257103
-27.284757727201366606
-109.76139782611109297
-346.69317375112643731
22.072544254859540303
-33.833383084289216924
-18.010741011033033487
4.8356819095056540192
-6.0000806737843594973
-4.872038133258349113
5.4892691539231348585
1.4457522762867971444
13.22389994407024183
-6.0441370473983555556
0.26980933009010216184
-2.0116511863899466661
1.8659765875366873811
-0.16256097393437349274
23286.784491600290494
2194.4997492452421284
-6198.2488233450112602
1272.2881738201383541
-271.55545731781023733
-194.37243148982284424
-8.3948307269484150339
-185.96820587984279882
109.88630065552983694
248.42783867409528398
-28.547357340227058842
-69.891438578752783428
335.80029508107196534
-6.1197172802456911711
-26.51155104290634057
-354.65949186579979369
29.682422369478310031
-9.5114429726266749299
53.510271728977954808
-10.204739020922930948
4.4254803810217442361
6472.1876196685998366
2886.8542954794647812
-59.046984390065325954
-284.7256479486451326
-60.74510285585637348
-14.410238771743999919
15.034894019648092467
1.989703614376897356
-2.0165549236327913185
60.400221865849097469
7.2190929652440471997
4.3271204008498589388
-37.941172472878697874
-0.87235292244283746399
-5.7761877447917227002
17.938397879730484163
0.93500068647446232806
4.2376084878698936365
-1.9991451458077869052
0.42593309889164243653
0.6119533604466608212
22568.679553807491175
-1402.4461170075592236
394.79705971305230605
-113.4594916192491354
-22.29665055010897845
-10.115066980316118617
-16.584447755242052835
-19.580125578469878889
1.9508097569548201733
-37.85417567067302258
4.7523373473511032472
5.0654025496280619123
2.660163756068151919
-9.660438896504802031
-4.108801419878757244
-15.862968126058506257
10.128202081209730423
1.6030088780994276032
3.6813537784618066695
-2.1214151237484957235
-0.72465528223212372083
16870.577644574623264
1157.9617795269052749
1825.7817772805033201
-527.94570497132826858
-114.5559918045078831
-9.8353341458464171865
-50.33895954555212171
-41.137004343275748397
57.481570140508026157
86.152099847780093
-17.345114634369512174
23.211837914578978825
26.601933604563051006
11.727891078814947079
-10.163977086052815579
-15.262770266097650307
-10.232534263956299725
7.6239297734621223057
10.374766610433987069
2.0530878494939690526
0.399214672337915355
27296.57673235376933
-583.30528176940572394
315.41820570366917309
12.092744286422789202
-1.3281896571616953473
2.6546048186525035284
69.617800579657213689
-6.5071967444371656697
3.0700504390683205358
-43.123371172157099807
-2.0258620058601413128
2.5160185332872666564
-2.6579536625942905559
0.0020069061856480894905
-0.21455656731350181143
19.378171933954064343
-0.11474027580461151898
-0.38663532349698204182
-8.0347631074558254483
-0.063155485680958550754
0.081697958191377803572
38446.057192945343559
2902.2613336839503972
866.24327296493356698
-1.1680392852023040451
-10.957042318430668004
-29.561387993297721266
228.29785132378768253
21.626226348332522775
5.4194350627303666812
4.0347376703820518884
3.8159899510115566912
7.8514857657882499709
38.77106151695159042
5.8429113757120729744
-5.3669982850957147491
-29.033427169936285139
-6.450879293732114661
3.7040608213982699759
5.3518632343473884205
1.8185452938106818621
-0.52230179303601032004
40609.121131845138734
-13913.163839608230774
-22632.503675043757539
625.22109962244155668
-561.76666959435567605
740.71804855371965459
703.3046764476541739
-16.847110051150380627
0.22260187639713902019
-784.82200719207776274
202.3482628758024191
-71.762324915483759469
26.119144842031683851
-139.21494665855468043
-139.21423905080067129
215.5082332100805047
180.89357920306790106
24.895801301042936871
-102.57091438030799679
-72.838684330248597121
19.904121021885877951
407107.98986629280262
34634.513037516197073
-9622.9523987293305254
-1546.5383037208378028
-976.77165168184023969
-109.76868758787968261
701.24532062453658909
-34.177871490062024407
-152.50727564274626502
-55.35621329759086251
88.011634240424271525
-94.562746616360769281
-346.48254089040187864
-7.2501909013873095944
3.4460010110693617413
344.301756611726546
3.6892936706242527301
17.4296860927500461
-90.679473737772681829
6.4916736129563954449
-7.9700756589963042131
-26940.527903069563763
-5123.9238907490926067
-635.89345337323959484
1007.7095752735201586
58.283885038279272806
17.852175673305524128
127.11360712100415071
-24.855158917445152156
-9.1472876980699098226
-51.511349950065273617
-6.8439621435592359333
-9.7004807334735758673
23.532710357498398679
-7.455070732209692963
8.4411187777971932178
-22.238586697480652532
7.5147291892204171049
-6.1602838665290571285
1.4403655429222419482
-3.2489464078598877528
0.81305750578708957388
-17625.715146555445244
-1899.3457287387607266
-327.00549341373670131
284.45526436807335813
59.373341117523395383
41.086805119363248195
-148.93641896861262808
-3.3938157001445499183
21.839539574001754829
-59.805432567954163403
-10.519616672656287193
-6.2964507315789912667
15.550174187887815691
2.0619039849422233779
8.6445884948346680687
-9.5324892573640411797
0.064903736845165413416
-7.428744690655102012
0.99778319810140081447
-0.92256645728054897937
1.6963148225753692522
-23261.436788235718268
718.18525858457473987
313.15352841585871602
184.56450501114179019
-26.078590076593421543
-8.6287559773961000076
-142.31656475385673843
-1.2211598488598620627
0.67823842191041228133
-63.631926505514925907
2.6150773568422822635
3.2862140411326259404
13.877629245080429499
-0.92491884925887279945
-1.6238639148733839956
-3.4952367151153103109
0.14367941549096296949
1.1659458423791182469
-1.6039963328135102838
0.14398373382590842762
-0.20756590206904101947
-81395.945028022353654
939.36866496487459699
-718.15736537270049666
647.38422876997560707
-23.800545944102051266
85.999702523979323132
-353.70991592482630494
-5.1104973669346751564
38.257745286670548523
-57.161336725856081387
-4.0706173235878519989
10.279372341894319476
-72.950765425235971406
5.3292503544720055686
-5.5904426474230408672
74.209229002087099047
-4.2814127035333280347
3.3786151859306494671
-19.891114269946196913
1.0306635396215386713
-0.60987568094897792736
