POD_coefficients: 167
-3121.8398121148907194
-1560.7079951734986025
-93682.710097746123211
-2551.3174054701985369
-995.80486006862952308
-859.88967571733871864
288.27008986140015168
114.27121076978218639
-1249.4830869150705439
112.49673326769081427
45.29286543316153768
-262.79989792507547008
26.156662179615210562
10.169449673353595287
-59.21778243007699416
-13.452096913092526975
-4.5048594961445473928
101.92951281075812631
6.5761966726528058302
2.2996099655221646785
-30.492380556206384767
-1.2399352772081482232
-0.47647205846449391942
-11646242.814866662025
-397329.87265917140758
-382389.2597701495979
1335945.1937463497743
48824.147812789320596
8069.3284030664681268
-59821083.786879442632
-4414190.7342405095696
-679459.6498115271097
1913118.7933150278404
139036.02826199599076
6442.8042111183322049
-15639440.200341206044
-222067.39695867846604
-115180.92919795101625
907004.67575009202119
34471.437776145205135
-14341.728229184216616
28719396.908440236002
-2394468.0994739658199
-208278.25530629014247
809607.2193086022744
69899.058360352428281
-19582.768911708786618
-9971924.3095960207283
47766.608963609927741
-222372.5857792145398
633546.22818915557582
17409.580908066127449
-2602.3278303850756856
-3038759.6582839721814
-829925.30940294906031
51340.353567619189562
94524.385910024022451
11969.202338332250292
-760.62208541374400284
761.59947168796793449
322.99285073308470828
151.72074543482804643
-332.19058330395506573
-82.039722063114908224
-1.3218249550024372407
2497.2354376704870447
652.97474131985143231
341.84302323724239159
-712.48958981661155576
-191.52135767444380576
9.5555556611077143714
1232.7682212671686557
222.45789629223355632
93.161907374126400327
-112.73095415782384521
-84.958487824024970791
9.4882408979573007457
-1063.0343358612587963
-1.4802972221668242447
47.630137768304173562
-113.55804107381652557
-103.80728425387636094
-0.56506803011831585604
555.05403778910579149
37.744144483255077205
-3.5943935432156850496
84.214463232875459653
-42.314196397995438303
-7.4219417067049171521
255.6702120848386528
-47.025934721679050199
-41.21226054482064427
42.824006469433662403
-9.8260191564188996693
-8.7046092889808441839
244.52915465317508392
-33.484180743605193697
-9.2889021320593165854
-4.4916674177400173207
11.981556215880379668
0.56660955805015644771
1270.3803897866132502
32.871668579365618257
-23.744539077004727545
14.333493788110327927
25.378987098928316613
0.024893598021036727336
316.57834852666803727
-28.74391139706428433
-8.0489467848216271761
-26.263883385484078303
13.758418381075474102
0.44270267696470244623
-506.41683400056962228
64.064480971136390508
0.52030668534878676823
-23.285609407306690599
12.395663286587101481
1.8048869855481699531
209.79717617527109041
-9.5024245799811239976
6.6563173436740736832
-36.442533241735709737
4.9809118371568308348
1.6581871324302650539
51.638486931831295124
29.132024596039279629
2.7612516410578575865
-10.013536042072338716
0.60098611451927619331
1.45319524388496224
-19.555515489854474964
1.316121041341537623
-0.10640404060859603996
3.1181647440987383391
-0.8249331802973624006
-0.22167489856776795287
-76.511789829309066135
-3.8134136282138282326
-0.08410308271404981495
5.0403753651878924202
-1.2939700262335611658
-0.55161364595224526841
-27.164031609127114564
1.0787408945147234363
-0.36995859320937163339
5.3167252899125783117
-0.83140670701177621371
-0.55598198409418198018
19.322541316291470537
-4.2344183009846396715
-0.62810129282799609385
4.8813235863665447312
-0.44517259828842525859
-0.55809351467934942281
-15.212159364878655055
0.56039534692417891648
-0.61405306504786605348
3.5534150991240047723
-0.072642499922689521274
-0.26812876503093302505
-4.6468236576859682785
-1.7438371695630026093
0.020764411960155090831
0.69934693326317354245
0.10521795453166379875
-0.092752557156909290481
