POD_coefficients: 134
-3114.9331187188108743
-1557.2729894933597734
-503.24594707282693662
111.54039550458020358
11.409367458377516868
-100.38803118818549365
18.343440499463198989
7.6973594691370443854
-15347.58470371176918
359.18600392747077876
3331.6120272715747888
-7824.0459871237862899
45.783893249338291298
531.41269471048053674
-2412.4009875271822239
-7153.7101534435360009
1515.5992623061788436
-984.5797882596417594
-206.71998774632794493
961.45617047564655877
-17514.87057019367785
-766.32422196656489177
-783.56246482575295431
893.23933603326815955
25.728198992655904931
765.27753673121310385
81526.86433218633465
-101121.04607980039145
-3855.8143023718789664
77432.114578801978496
-16365.145982463722248
-16615.357350408965431
-213209.05387910807622
4429.7247324936215591
912.12398323754382545
-36438.008370932053367
641.32458789476811489
744.44045472259347207
217745.63933124471805
17266.708585349664645
7679.6110273610256627
29281.393712111239438
4163.8274801433399261
1849.8994732631661009
-563056.75991100119427
-33827.280256515761721
-13271.880015342239858
-66122.637946781120263
-8334.6898137080243032
-5554.3198608133425296
12369.032917160526267
-1437.5703972816259011
-562.5130928115969482
368.03571235402569073
-250.13705396690824045
261.04500163432328463
18810.509369129627885
3904.3511216999768294
2416.9576102164483018
2407.4138103138702718
701.66129177593097666
623.55786181810174185
1700026.8022540654056
9973.0266501457244885
-107.79895928629849777
246087.90529581406736
-1895.0298778176486394
4127.4900379252167113
-25925.750733394863346
50912.349446037769667
26752.385253741347697
1645.6990930485526405
4451.9676924754949141
1441.7479612134875424
-157959.91589113901136
-19888.563009829740622
10959.402679402111971
-6795.0546561615947212
-3622.6780406195921387
1722.6930267232603455
-62301.409608206668054
-2308.9439186681456704
-8899.3269844294918585
-10748.626330559074631
29.434192916144933605
-1680.307191714005512
-49988.002541419540648
-1166.2172927137321494
-2978.4454553755117558
-8038.8812385859846472
-254.0423925692312821
-297.94098940547456777
45718.382026979736111
4825.7484484515543954
4421.6143283143837834
1037.2219372707038474
924.43429387382252571
1711.0336480936434782
-1636066.945637808647
-126631.70087713364046
-44409.161957471849746
-171262.13493864343036
-25302.063757172651094
-20176.529356097475102
-210274.69120662129717
-6733.6475236972746643
-306.53617608410178264
-27354.888231317174359
-1218.6866991100434916
-888.23166159690390487
-252604.77878011469147
-35415.732489933005127
1421.1962186002081125
-28229.648003920156043
-7111.3832984475184276
1026.1534543767295418
247286.74473899049917
76356.956395181565313
957.66279726186382959
25894.481153304612235
15047.431530271536758
-2881.3528299009353759
-14299.000252764453762
2803.4460715333789267
141.62030111899798612
-2088.6705814834122066
425.32420686537602705
82.95356473113906759
64458.524091042505461
4391.6982885419511149
3204.3264317375756036
6094.2781153441319475
813.9047553932516621
1246.8919092318592448
