POD_coefficients: 731
-3115.8982628003827813
-1557.7759715457693801
-44577.210673903566203
-5158.129558799494589
-232.04955061292099572
1424.9161286760843268
244.01538013600770682
27.376640327678309461
55.998996615193746607
34.793233337405403915
13.201228397306575602
-8188113.8426956068724
-289677.8555046254769
638350.80867690930609
-370751.58864002948394
147646.30059913831064
-53688.599373834047583
25282830.929495189339
-7049876.1895900582895
460616.47052344447002
-63431.396489759958058
67333.649401156144449
-15855.913883286253622
4891122.3029424371198
-336174.04442615428707
490423.08094939868897
-777896.40378400834743
92408.837300410654279
-34210.135477130861545
-43232319.926913119853
-2109378.1816630209796
191174.67045588782639
-88734.109808207096648
35352.129831788348383
32198.090379715788004
6121.2453828638863342
394.54710463110228602
-486.50426511978929511
102.68909397305786513
-370.63770685746402478
76.551856995125831418
-32382.136457094697107
12433.768124729936972
-251.45148302333996071
432.48066832428958151
-133.20402852933463578
-106.26888669226640616
-5114.0441407343087121
30.645549061811145464
357.33248612878156791
-951.97992752381219361
-213.18620335552839151
-12.66784228862332462
37500.078866561940231
4401.3806218088484457
243.84349942866222705
46.936619971288344288
-108.1261473192225111
-87.518462882902312572
32.988926479931940605
-29.880514106756923098
54.221892978834219434
-105.99508038678251864
45.949756809126185431
-10.133644537827249721
1540.8135319783796149
-933.14743892202898223
18.623763196074445858
-26.224509599940276416
21.370762678616092245
12.29264301699497075
190.86832973651252132
20.144380112019970142
-121.52198456400913074
254.34439748938734738
23.99430059319988473
2.7206760917437100566
-719.3722360201926449
-349.05998549898754391
-51.754088928031301009
6.7940611596030811015
13.676077302874229957
6.3459724205755723148
-110980890.34455481172
-198290777.68515473604
33943287.372851870954
-9461250.2840669658035
-3086864.824585379567
-5204182.7388070104644
-15815179.10664633289
-5387959.8249948238954
537964.67722268705256
-228865701.28348878026
6916523.2090817224234
-17379800.049418777227
7592075.8147299950942
-1643418.7653618450277
1619763.6569089484401
2568037.5630463096313
-220585.18681788901449
-338048.72661992674693
124981286.57012616098
-10388538.034071195871
-10435530.342351879925
-5129959.335102442652
-560230.78498073981609
-7479.9281401552107127
-237449.17189395803143
-186006.67033225137857
-78182.913568524469156
473333588.93212127686
23085555.880426518619
21010798.447012342513
-17950199.792283654213
109872.34217467614508
-363736.00367094698595
-1277361.2609330969863
242624.37953891957295
-134049.93701843358576
87087457.769890859723
-4763757.9813810996711
1152503.6828042243142
-812383.06983403174672
321840.51127752044704
-271049.81138817814644
-28598.689858266097872
98723.821556505965418
5592.2843674069508779
-73098238.564610525966
1265707.8826916203834
-993245.19851638295222
1131984.9711615531705
28941.777529489372682
148360.59123509036726
-139722.07188324120943
24006.519834397677187
6751.0321214907016838
4655653658.3026752472
-1520029669.6100590229
-1420385637.9690043926
-28618847.39881554991
25927045.842299025506
70360378.570520505309
-166275888.63827028871
-7967552.3790166992694
55682248.375573299825
-8609209055.1957359314
-1304065037.7753267288
55685520.217005752027
-123895193.3817332387
119796398.59839627147
767759.5486698676832
-108702893.90314882994
26056529.942920971662
-1382990.6421370618045
416666355.41914016008
7654554.2334671122953
-11886427.909485945478
-20289110.403894264251
-596529.19791098812129
563439.09884503378998
-2850815.273532631807
33999.185694357031025
-93746.446233887239941
41725299.202353224158
-5510654.6342680808157
338903.11577745422255
37394787.983522750437
-2491720.4533715699799
-1979355.2326808818616
11363426.117075756192
-1369527.0061278480571
-30499.342457043265313
173413534.94233074784
-9695962.7364828363061
2964355.6263792184182
-2278220.8411607695743
518996.47808039124357
-399751.0065206643776
343235.57020652241772
126449.28404941978806
-80052.144772727056989
-6860851.9484039861709
-21681138.336070053279
-1764440.7581497470383
-1449418.6726770191453
1647972.9163188054226
203780.61024563224055
-355505.06064164976124
379212.31020947545767
7465.9360838086322474
2821617279.8282427788
-1023664334.454837203
80371650.011709928513
61177426.26747815311
38728348.253722883761
-31087796.615914382041
-22057707.748535718769
-130320.16674181647249
5403976.230215751566
-892536213.44262075424
-5191030.2629577973858
-8226617.7039599744603
16864130.134277168661
756615.27152441476937
1183364.127961166203
793235.42119769076817
678318.85214752727188
-951655.21037162130233
147358121.18628510833
-27097380.87622044608
7793095.0476402658969
-303756.99827927228762
-595412.23196041653864
-74804.282100530515891
2034223.1575245647691
-212221.05364687976544
-213746.61923601708259
543717985.95522046089
51589743.252039730549
1007824.4271682030521
-11435123.901428891346
41427.033603144911467
-1730716.9934705684427
202344.42701895599021
-38237.005878657022549
-237920.23101099245832
166266859.90236786008
-6272138.2102283732966
3562708.9886627299711
-5509305.9549275990576
403113.49277799500851
-414594.26806740200846
-620052.30340256087948
98215.67907614458818
-70037.508257611320005
43841997.790688887239
-9839170.8751416690648
-2768602.2011741050519
-3818109.2365291644819
716322.64688004390337
252931.66775777121074
-724266.14324131875765
151488.53343856389984
34359.766369718847272
-1113885498.6608686447
2722859948.3335065842
-1532922214.1612389088
-21435401.973338060081
-123962288.96763545275
182807794.94124981761
132753207.88224923611
-21844718.85231038928
21946561.175762210041
5771349690.4912691116
719516053.28757834435
105142285.04735594988
-305950973.88819599152
-28151868.674031406641
-4370209.4996514283121
-48486116.027253463864
-5299680.7291918983683
1702043.5192472275812
359111134.81144183874
-50733672.872968912125
14049462.889891088009
-2642804.7750225602649
600315.08960988686886
-956994.13725151028484
2539536.794283754658
-304113.86514840426389
-105941.79057238473615
-1416555736.8581440449
8033297.0280987964943
15227874.63005496189
77741236.680639505386
-1631498.3990532972384
-1800714.3775945953093
12636436.320436697453
-645920.5085997520946
-258893.04020579322241
-77708632.902546241879
-2344050.3653363115154
1947467.99106475804
5019588.9106895532459
158152.22025460744044
-202546.72129654468154
776001.37264050904196
53107.852003814492491
-38624.233535205137741
45781879.952585481107
-16233479.276136593893
51804.516237520358118
-2678199.8914417484775
1109673.603904945543
-47696.318858397600707
-535305.04832574957982
234220.52549332371564
-7074.2636300888652841
-338165.85406054981286
204559.82302842548233
-31907.817950057877169
-13445.204894007083567
-1380.0970257315675553
5571.1298936158864308
7058.7342576030323471
4332.0233564547334026
-2141.5033811997777775
-28840.498099594515224
30935.724796270951629
6474.7855521950832554
7800.2475410392426056
-133.40802257231865724
-1857.7074818286489517
295.42524472061177221
-131.63533471038886091
277.40274726745388989
-95775.877473726315657
21450.110618319056812
11660.27153926527717
-276.47107695344345757
-551.2562126929437909
492.50489060105627459
-749.59062121204715368
-55.382605708783259502
290.2672054559795356
5667.3827915913761899
19297.507305625920708
-36082.375085129868239
169.26426989663283962
-947.01192001053141212
45.149068346471757707
-3251.1482997809766857
-402.65540415648143835
417.21282472108492811
-27441.771331388044928
4002.8695101903986142
701.42959837221303587
-1992.3975133073690813
-232.75584773418253803
395.76586998902058667
427.78845667692615962
-99.580127645521031354
-114.51725290437217097
128746.35018279806536
-2154.5747007473942176
3014.0048178979104705
100.70780387488153451
133.93286283954634541
-342.86828356327862366
1021.5704320417701183
15.693946893944087151
-43.753547522438239525
-11437146.344827199355
-1226684.0776348803192
2389618.2560874237679
-319630.59068651060807
113890.8961658727203
-146862.44092841839301
28979.18799579478582
28396.934124792587681
-81193.417682780767791
18562491.401412431151
2564995.5166777586564
-218166.29834612971172
-136781.25506371987285
-211684.98634727596072
13007.20013485684467
113891.77577555729658
-44458.706670121391653
6206.7867404791586523
-294657.19101272104308
12622.207209301708644
-29818.47843205353638
14995.800540931391879
-3199.1191222144925632
3005.323925028811118
651.71567205579958681
-1206.9555492083982244
1476.305462343182171
3102896.5324828973971
68808.708941592165502
-78499.762042879578075
-188672.85093880927889
1098.0520771726116891
9055.6090192320934875
-33452.115094471955672
1872.2728907149603401
1486.5922199315887156
-351769.65816039429046
4811.2255796780282253
-11573.159980074360647
4840.0475917526146077
-24.968730250707700691
1511.7236183043914934
-453.62945487172589765
-29.547378259392942823
330.67981618255316789
-351957.82996553689009
37472.718730586697347
13859.571337952313115
19562.83164633395063
-2968.8519508893800776
-1106.0246319743832828
3507.1428964525630363
-707.66568368286323221
-287.13838303346864222
-344687.22084000956966
850801.27725440950599
-172537.3521124063991
-186667.44732866465347
-30974.058562950187479
38431.855993162796949
768.12435005286238265
525.09051816404632973
-2588.819672922130394
1330273.2340332574677
10947.475932381317762
37758.78607617419766
-19566.703795130211802
-2132.8367769161409342
-3874.4186747142939566
1660.1957718128410306
-1463.2124553946023298
723.53699376026304435
-569341.22873622784391
23197.652579362940742
-23730.00748459470924
9812.9402667191225191
461.44037479575735006
670.61978175189074136
-3307.2117028579946236
270.16411925022936202
608.4645655922475953
-715747.11374438297935
-17671.066531294261949
9576.2845647317553812
562.43020522309859643
-923.22326456759640223
2415.1769784692219218
-4385.6823790417183773
-197.67318615775462831
-6.0549762615825732937
-246545.7531697586528
8279.7532504244172742
-11823.646652985589753
7992.0470108303870802
-530.62151704499694915
1381.342825954446198
1223.7374576558145236
-145.21750927062501546
266.08764298344357258
-204278.02947822143324
27417.235399295263051
12806.553476201383091
13629.702766739215804
-1906.0244207888119945
-951.74969057048417653
2715.0899630862827507
-404.62719030735757997
-212.27033124436485423
7784843.3529484495521
-845084.91956582898274
1398117.7365606280509
194043.95526672224514
37826.304193915544602
-171821.26407633349299
-19312.694112623390538
13455.385518489179958
-25618.666562496797269
-4738886.2438786067069
-811278.29289535898715
-202245.64030931386515
214415.67991594786872
30745.131862710026326
11813.12480214383686
31595.653003865321807
6302.7891440928897282
-812.49749713589994826
-1488226.9160628030077
13278.847657742624506
-8104.8665005160228247
38540.967484734508616
3463.0033623543672547
133.77673564388800287
-1069.1008711448714621
1562.3880362086790683
-200.03945909550708393
3282639.1552923582494
16986.110846843519539
-55836.905501150882628
-170609.31541393545922
730.47752251882366181
5401.2496855032732128
-26550.19441341912534
646.00157681989151115
993.93043176931087146
400727.11563836806454
2487.3665576948624221
-5237.8605429144599839
-19935.226780211545702
-253.45441402960440769
551.0504566765225718
-2476.4759574937102116
-122.55528412288533957
98.366348487916255294
-191866.04408097776468
40364.255471494201629
80.74009869854872079
9939.5338629137277167
-2781.7655031020831302
181.09625246699738454
1864.3018861693869894
-593.83153682377781024
31.080261985262414015
249392.92181855984381
-2809.2284639729950868
-2511.1682760355834034
-6367.2473759778740714
293.77972099785637283
39.841298074728477729
-592.53583966813948791
-33.425242016677692902
260.73521188897098
-4208.6739757738459957
1024.041476935852188
-130.21345607170664493
-97.58236834320375408
-109.46806324413238087
136.1678529614349884
-11.704222393936127844
-10.809077527392778606
11.114588751292551194
-7929.7228554785569941
307.87629207112877339
-392.59573850094670888
814.80173457404987403
-7.6157920088637709455
-27.363959439651562633
176.47969967606761088
16.177838284393676105
-13.721380420040162562
-18192.614752756104281
-4218.9089008856017244
2734.2049005154935912
1108.9789836805528012
38.474309516570102119
-28.580300360866512932
524.60800433431927559
-31.527490513024048369
-64.431387690478814534
-4494.1344095223421391
-980.33585939429440259
-151.55521845372913958
112.98945539738512878
97.574717056623484268
-44.213500989968977706
-146.28267052327362308
30.496766972597935563
12.272900842128388277
-21105.825438436269906
-1241.7870390972038876
214.80993426109245092
131.9834383867280394
43.706253035291304343
-10.812110825497308397
-122.70783101930265957
4.2527090399183018476
-9.6558673326646378143
1216647.1755538238212
209418.58550178355654
-138412.56703416621895
26338.77119126251273
-12097.46024792208118
9622.9367398530375795
9522.168120335918502
-2063.9352789420840963
4221.7052278634037066
-1593967.442169215763
-185485.28036446546321
23791.844061670843075
37498.878867745959724
14022.443510385437548
-1833.917343169938249
-1898.9192307836312921
2828.9837677379373417
-682.76609081956883074
-272404.83351448131725
-1011.1299238817595096
4510.284551320328319
10602.196890055220138
451.73573209305396858
-359.79303879218747397
1306.3708250995680373
170.4030665852041011
-154.4248189231114452
-3225.6639737467926352
-11764.786010536128742
11355.239060402802352
5612.4014078107657042
373.96575210690872382
-1105.4417269183177268
1753.4653575838242432
-36.896285592299001621
-225.74538207649152355
24179.796062154990068
-707.99170190588267815
1091.1486332739118552
-807.54906612083357231
53.616999033073021508
-165.95191525266594113
-170.22532310267664002
19.503814393342995714
-38.15879104213330919
46725.209693202952622
-2097.1599986409855774
-1828.8167300266961774
-3254.483249225441341
200.79418422644567954
137.93121893812670464
-698.5809816429878083
51.259832554068410104
38.305055627770606463
-61689.491724279774644
-5455.5703030047789071
9877.6724708697147435
11232.042420119872986
-117.89785686935880449
-1551.7129690655249306
1334.7616438283034768
-140.15785553185142476
-82.810472002365344224
-710.19901126873946851
1167.7326718848328255
-4119.9629373671987196
-2089.1870186964315508
33.875317083924969097
375.82097062455602554
-535.06405552960188743
73.12886210943619858
10.682769188734676291
27306.208537907208665
-870.80721442181106795
1618.3098737780114789
-67.539307940442085965
35.620783989509348544
-22.935918689892623945
310.58537876706452607
-18.733932268969752499
-37.217009423526540957
102341.64458052605914
-428.80609010623345512
-838.36076774069272233
-1528.9126352374009912
-48.701251180939465257
-178.91693379624231852
271.79171735231631146
16.958718418344801648
11.886946368451557277
-48094.365563857507368
-1225.2062375442060329
1140.0460133301035057
1742.4708405471510559
87.066908300924225728
-135.50269139650526995
55.109891923650728529
24.453636048297244798
-25.945503459681898306
3907.0378955682017477
-3474.8456065267755548
-1255.732557999327355
-852.60290003983163842
232.14865320677961336
84.562606255341918882
-268.12060063846689673
49.726360675782736109
16.904091360838229718
-613580.07521898613777
-95505.590037305897567
-29863.978874023148819
-21166.362982372629631
4286.6562016670450248
4111.2213556110928039
-7783.1161601438107027
53.898655408146190382
998.11514757948282295
-28316.466718610758107
23435.892790529149352
16595.159993077784748
6303.2854978122777538
-718.75283821481218638
-1199.913663778730097
1362.0631183156619954
-195.06146667371712056
-135.35780886562054093
108197.64546375838108
2902.389485224269265
-872.7510737108327703
-2703.9767658602195297
-479.90420060018760751
120.89224566611679279
97.804396512296079891
-163.57225483120282661
46.020054448195011787
-237901.1155467442295
-3492.4730769087846056
5658.4770032818660184
12531.040473648630723
107.82995667738967427
-514.37052347199937685
1996.6807981245053725
-5.7444916195205113496
-107.0000337054615045
-63998.409594235818076
-244.33937961928964455
325.66108127561153651
2733.3307158804400387
32.414425525100632797
-35.567041290115284369
278.24034931745399035
15.917025613617690638
-4.9295952579617763334
25695.782895671014558
-3746.2312880228878385
116.67525288699987129
-1304.2338714205475299
261.0767321452844385
-30.606158568517916052
-235.1883733322368073
56.503404856165133197
-7.6051610164002365622
