POD_coefficients: 515
-3122.6162912899526418
-1561.1687457826988066
-5668237.9024851061404
-70895.090135354781523
-4355.8093089505882745
-9133.8595919766266888
-2520.9719372730419309
-349.27911356506672291
-1187.94608422927422
232.00980328930504015
33.648913246061205484
528.07272090041010415
-86.09504827171210195
-3.7721051833674987819
160.00975806304768412
44.001010222994665355
-2.0261296302123654733
-573.78864783147935213
-10.73193025312209592
-1.5684384849524737326
312.2422339857111524
-4.6647080026716514212
2.2109162904916881409
-177.06719138721538798
3.9788977359890322916
-3.8582923119994956274
54.3263282073723488
-1.2515429399419071288
1.6308549865220600683
22.52372773934103023
-0.62983504139028134716
-0.12768741295843030747
1.4859492611840732224
0.056443216912501280313
0.019185547755138743914
-341744657813.79418945
71858401.250565081835
-916788630.40269947052
2346760235.4456481934
165476477.77301618457
-103283590.23288857937
-198387308980.21807861
49285549719.678649902
-923253491.53185653687
746726788.02302157879
210686767.94063141942
-177131294.74637120962
-458674156520.94360352
865991880.20335781574
-1046433904.054505229
2780105948.965511322
247119812.64486381412
-130266579.70803685486
-356024862736.80767822
38871953971.021972656
-1312101458.7936143875
-60565496.257902123034
98728229.004968136549
-101116657.58241289854
-118650870040.66348267
909625634.11101043224
-631288683.78266370296
1005794649.3426817656
70025000.015506774187
-73445985.041460350156
-427369450328.41497803
18171530347.789073944
-382672602.94857609272
-474066609.58466267586
15128784.47643148154
-69691730.147900611162
-39424196937.225318909
55936002.740522138774
-151881820.24605411291
41132077.020662665367
4709054.5837281253189
-32420319.156205154955
-66857191376.984931946
7012434770.4048461914
-167876239.62753596902
-80913450.066289737821
2252357.2101868251339
-14540259.995319122449
1823829.4247641011607
29958.552815425064182
23123.284257592189533
-68275.599807303864509
-15921.488791379999384
10099.187818499702189
8304139.1428420497105
-1077810.5146841786336
-2060.3919477996028036
-3079.3767219179740096
-23735.554051946612162
19031.016153202104761
2457905.0420738873072
-16500.99699211859479
14589.230823299960321
-54586.395949904632289
-25466.399193218781875
16292.627867461404094
3892318.0397859625518
-936547.36568722222
44049.648239971895237
23550.080751952977153
-11634.598460778879598
13732.111078796642687
-156628.99167030883837
-65397.835604083149519
19080.663070710375905
-15114.003892045737302
-5606.918193869647439
8085.79809194016525
1140907.5097358967178
-439796.57360986078857
28127.413881403837877
18064.872173983047105
-2630.3362986287634158
8034.6482535674495011
507011.71504982974147
-13156.750389481259845
9949.9571390772125596
-2324.3930150828700789
513.79102896586061888
2871.3460194224289808
-3984885.0122265089303
-173703.53070367328473
10876.492292391274532
-1868.6649761812363977
-726.19571755200433927
1135.9748783295838166
2294.8440454418882837
-208.07244467287023326
-85.56910695195111316
329.98197702857765989
82.464322354394596459
-37.295647165073326335
-33216.944310070044594
2592.8893978912647071
34.027440041841792606
117.00893019687933361
133.58348380337213257
-62.733265963405926868
3284.5963393904862642
-38.663012430594541513
-29.602244348107081606
251.31507016070574423
132.38931509091372618
-60.003665100774590258
-6488.3019613119076894
2495.473331091849559
-140.52982035505169733
1.0171117222369419064
59.500026616950187019
-54.653623827860421613
5472.4812567501376179
298.72323719397161312
-85.956490238055067721
151.69230047250599114
24.17384896470903044
-29.878617353470193763
7296.673462040582308
1203.0399701754738544
-134.47974357090231479
37.640413345141467971
12.782010500963348676
-34.967882144411873924
-1225.7041877041181124
96.323956323561361614
-68.822493999696362721
88.328692728866116113
-5.8819390490813043826
-11.025647330425554671
20907.617700474394951
464.72058831557689018
-49.674587161778802624
41.461969480094609253
2.9400398247770618276
-2.5396087595316747532
-33.146885208867182371
24.512301145401458768
5.4148761003044105777
-65.725374350588850803
-11.02531909871046345
3.918006748441750009
2740.5845668660394949
-57.529880581638650483
-13.002683654129718605
-88.615241791370252145
-19.018547167151488964
1.6196471213067238359
-258.73215765274017031
16.345517727139018405
-3.376362646205468554
-78.385559991959581794
-16.381434651803633784
1.4875490331448026904
431.3497064497548763
-93.491856587489948538
4.9718687597370365694
-53.944046277615122165
-7.0348525280452331998
1.1025446668978837739
-824.37084292479437408
-23.498590846188257331
4.3029560695796282843
-48.495151164890373252
-3.7826534366658535191
0.22967151462728063738
-262.14076436968429107
-36.625668472201454051
12.462196730453054982
-33.339856663922297741
-1.3358083285366710857
1.5407419901371590676
69.84844210033443801
-2.6325836614914202016
8.8597114635021050333
-27.040209154739496711
0.54586756657518176183
0.4117146981597879507
-1700.6227461319840586
-7.8458583616324988341
6.0239260004426151696
-11.513257525166187278
-0.074185662824152051598
-0.20064482751990128651
-1244.0465694910230923
0.080391309496747373475
4.1246785009275557243
20.27574537237974539
2.2904431453683828934
-2.8841867639703524517
-3382.0812994533030178
-164.23275950967573067
13.068664972966397286
60.352119795140716008
4.7286484069546794728
-3.3608944293479661169
-2111.9327701613760837
0.61066081746230049809
7.0202671570767769538
41.564050170423712416
3.5053304079963618634
-1.5338976535440098647
-1685.5992652151517177
-114.21407435781964068
3.6478107863249968901
42.624104309820594949
0.95274658834992687062
-0.52848487787533904303
-993.56290332797630072
3.6002396665910150197
4.4661470502052038611
19.897162182077028802
1.2519809006262945239
-0.15496621643066371687
-459.39611284274627678
-69.725302025736382916
-1.9505039751280863758
15.627778729029168758
0.15665809379067957563
0.10320357407664017269
-286.39815551487112089
-7.0106403823826122235
-0.77159588751632524062
9.3496923102855031829
0.099937693622848669528
-0.050493604226237193133
406.27809590008371288
-31.403787700901172997
-2.3093980207220026202
4.1613810230795849066
-0.0035070616601634982054
-0.10837845334266020536
724.42650602516880554
3.438479765125243226
-3.3696542319348603556
-6.9711207153739769282
-0.98980164612541798874
1.3156788224496624995
2049.2394016524467588
121.83973314854844716
-6.6598322380185619451
-28.712874204929327959
-2.253434071369909919
1.8748760991818280708
1254.2427745026948287
3.3748717177141824841
-4.5036213124755075654
-16.710444016799961275
-1.387558299947137419
1.1718138317199020548
1001.8008355170651384
86.053107773715424855
-3.4062993051888867946
-19.091323320880178471
-0.39918335946520472346
0.91427111484516254691
613.47625252428053955
-1.1239968081895477248
-2.1127781392465312393
-7.9328454818634899226
-0.33637919947031214019
0.27122979429638854887
237.08015495811869755
48.104299683922100428
0.98939561402672360213
-6.8872571147138197389
-0.17515908846536890064
0.1990094135344161741
180.7253581439996708
2.5544626739810740723
0.85761467380979050645
-4.9182101112163625345
-0.015155633568088990731
0.0084007688485751488144
-228.66270004641364721
20.724323139155998774
1.1028007073077552569
-1.7698579866385917292
-0.080958421441429825882
0.14561069968728618251
157.76383636607801009
-0.058581397714614034944
-0.11139517962713461896
2.9369971774205496651
-0.15097208395902173006
-0.022725989948824097675
235.0587037593690809
5.8615311906426237343
-0.45436800829442813843
5.4883815792191903427
-0.14018772595565603956
-0.10291482813842514621
269.20253158597847687
-0.19114351536900128781
-0.43181299567050296373
5.0902917808225405238
-0.16192326705738507853
-0.06060056711075775121
191.19324735478591037
4.2088852591083041332
-0.22212172181219044798
3.3903910873693980932
-0.025416093738834029392
-0.093713222803828502561
148.45906285475419395
-0.38075110778846854576
-0.31690886859367084494
2.6343360544789113931
-0.028347155134745609384
0.015217242440323266311
106.83917495065479386
1.9396621265681290858
-0.1275350819322671192
1.2140620671045410095
0.061185354528900649795
-0.022409900660587619287
26.082934116075925601
-0.10590218091427047731
-0.1735272704651769915
0.87959570818956844818
0.0012910590437020239875
0.0041709844056477367313
28.553334831265399174
0.67435382123836618007
-0.021318505714039287513
0.066147296555041423805
0.027582446115457244507
-0.034197018677143392607
-198.67636362645058057
0.84392671672602104227
0.066922635017662310264
-0.84003882570778298788
-0.054059093753947344563
-0.054729643736975433499
-253.84869186307898303
-5.9343647731933213407
0.2093843226010367875
-0.71890178541892058028
-0.15093175478821205249
-0.18463564850722055666
-316.04963610564828969
1.1013860911594437475
0.23971732417375474222
-1.5786730956564563044
-0.151656616056008553
-0.10854109561775580894
-217.28655329996976775
-4.9015126757779015065
0.2063962132962624263
-0.39047757633101704
-0.17403216277628280606
-0.10287656143974789613
-148.21997563419483868
0.57708571021023391534
0.19392151567482693308
-0.77977761327604067088
-0.15969910887020002943
-0.10068481707837155514
-143.36945184655075991
-2.9853754357742223746
0.034945618149369112038
0.043168653531895521958
-0.11868026447124628564
-0.050569744608128366914
-26.032027249920872691
-0.049134331392213174972
0.061215525571685032447
-0.22396762260862154714
-0.035364236605548708681
-0.013293225245468337156
-46.841488708099170424
-1.1471823890581125394
-0.0051370149350038248753
0.22358207693005055505
-0.042524195497210329209
0.024152897416105989503
44.258999985575506741
-0.041439859314960046655
-0.07695821940986191656
0.17840885268492412408
-0.012526825822690892953
-0.0079673573041538214845
63.116978569105732788
1.4206828648656648628
-0.15821703793587324482
0.12094877156548115849
-0.028207768083338826542
0.029440585646369702572
70.827031339960370815
-0.099931233577388395295
-0.14343770649183498755
0.35294407300799107707
-0.001247132297724233476
0.0033321192283892906924
49.571518096423346833
1.0168524418255484587
-0.12278643425521007515
0.075837884566102950479
-0.008960962865356372764
0.01525198732563458684
33.439289717488748011
-0.086936079707320132459
-0.087085391328473052419
0.17652064380575913094
0.013773374385266386188
0.0030780471715532581323
29.624307849250289593
0.62718867689650936725
-0.026233078260415144262
-0.045986084028522118683
0.0030111815288248809479
0.0033525095264098519511
6.0999161689715970525
0.004335409522593236184
-0.022538281806830144649
0.025896028938664161778
0.0016177580781768599073
-0.011195312954391202151
7.7591244725214183475
0.21848384980693641433
-0.0031711182458075358979
-0.071455533332627219067
0.0014782124550078545432
-0.0063638928836368133593
-4.5663816055471944111
0.034021005617122623832
-0.012991028737418195901
0.13778796961090977735
-0.0093756478006326755825
-0.0022536019735280190916
-7.7546190497221632043
-0.041126080332189597633
-0.0092555069693938483294
0.25817007238918326939
-0.032376663608061462263
-0.0063616311535972793964
-7.3381193581152963645
0.043884099415118719978
-0.007847269609674188337
0.19551126928162326779
-0.014661658068222917922
-0.0049021754488663606825
-5.3388859136203796751
-0.035496278109295981151
-0.012566261784090796208
0.1808508913904031401
-0.025408981918509439268
-0.0097331938332062013092
-3.5152968550964747152
0.022327236660961344988
-0.0068168822945683989895
0.10849430606285842549
-0.012291751703250501301
-0.00039451752152731692832
-2.5924700248752361453
-0.027428012209062813814
-0.013641911722021358988
0.078251971137321199579
-0.013850732143649357314
-0.0026717011647062298418
-0.7688146035287343194
0.0060101234551023560021
-0.00076686909622769128085
0.026508066936846669953
-0.0060990230197262018663
0.0047113902430713358246
-0.39637297968776230572
-0.0073188910232997598029
-0.0044447146239936828963
0.021813664835073819093
-0.0045212598550587066934
-0.0028071368299930374128
