POD_coefficients: 314
-3121.2784440210584762
-1560.4445256014646475
269462.56370449968381
733.51322668120735671
66.358242210185679255
558.78992085255617894
21.909192030819916397
-35.894348931075413134
748.48097491717737739
-15.775233940615567718
-14.330513742424543011
-150.64492293719087002
-15.087538185563888149
-4.4045153789138398182
209.82255020611148666
1.7957515791675167094
-0.083890949387469063159
3.006367367134107127
1.1094683234727753529
0.62116423130984033119
-32.743198829284033025
-2.6620094035883092864
-0.84168846200150759795
6.7543301870227923089
0.26313462270658433129
0.067006754156456196925
-34445989.775548934937
2438658.1070440053008
3152062.2964242999442
-9997366.6937828380615
613982.38868351769634
450803.79908262460958
-616383736.5235209465
5703988.4549070606008
545985.1885569767328
2283672.5752434777096
1244531.4895008883905
1440082.626942391973
32715990.18864050135
2461869.6919820108451
-1717606.8592787191737
-1924058.6433614701964
1037946.8314582065213
1330186.3213408866432
-26802324.897522378713
6592449.2804648000747
1822224.1992967568804
-788232.03677840833552
671825.76259078818839
1149124.1404609053861
43200597.883639089763
-750205.86519849707838
-1263529.0405810456723
344025.87762238015421
299082.93233993940521
519165.69034428271698
475550673.69929593801
-4422587.8255562363192
-2650512.6488535078242
-49685.579485743888654
67070.874780247948365
178692.38454867442488
2930.2162163750772379
-764.75187170467120268
-1302.9649538337214381
5059.2975481495604981
-225.20951047084412266
-136.35590327107507846
79793.93830927523959
-4933.4122977626129796
359.90857238503963345
1964.064110712930642
-200.96036976225383341
-572.26029984135323048
3976.7519749799221245
-796.78672701370180675
1305.0768584273876058
1968.2230063325284846
-527.17648199275436127
-473.72575265742398187
-6358.918244714028333
-4295.6437543216425183
-226.66392652059559509
2639.8929463208701236
-172.60123835692618854
-567.35668778375759302
4943.9448691306761248
486.7787994253466195
679.44921183657152142
178.62603387128623922
-169.58593108332735255
-209.5845447382643556
-52116.175729671114823
-1397.3880601014939202
1761.6826707796951723
373.71970880224915845
-1.8227664951978179708
-110.07535233391899965
-1262.4551536871417738
40.466073231623084894
68.851439105695376952
-246.12871414841626461
9.6293568378152158971
8.5681365896457180042
-6337.7146143383733943
255.97796178451829974
-18.673028320681670067
-99.945160241816580537
1.8159968644524595582
35.42821955926652322
-1990.8500042764499085
33.054013709368675222
-66.12617524929558499
-90.799544313489079173
27.93431041405534998
25.145644632130750296
-656.468138590914009
224.84558467492308864
9.2869653655129340564
-147.08021808030770217
4.8237365537553618111
34.533722432193187046
-958.80573975630306904
-23.970541068881800584
-31.972274723855893086
-8.9496439187483876054
8.7001142101001782692
12.012326603789226454
2624.2979274051381253
82.086596710534564636
-91.724336832875891901
-20.831406772781893011
-0.51927033425942636935
7.1517924567049222517
87.334518146690044205
-3.1650657791714871259
-5.4582521800595369399
3.7724792652340704002
0.4531314472357120815
-0.86898020055965519148
757.9878791586453417
-10.508086217694067699
-2.98619984171999997
-7.0823134099230307115
2.8215901618707981413
-4.1284052522653356121
105.37908513855683168
-0.45064158312798213712
-0.013002449892226234859
-4.4510966079028655429
-0.8958936383252068536
-1.7928780321517141516
15.897311771631692068
-12.888117333358797723
-2.1514888876473907686
3.1591217140378251571
0.85513292377813399092
-3.512006184692685995
57.679479853972281944
-0.33286043849033197795
0.11526762606244599085
-1.8672657282153515279
-0.31043486789988639085
-1.0149361397548182229
-477.48418457003265303
0.39636885309206010275
2.468850642617725466
0.39228592673367190802
0.10897798800672299502
-0.68480717426693737959
216.37934994201827976
0.15922739294867438442
0.23842417634882853705
2.326018058053409554
-0.53687287733373234566
-0.05963003260877219186
343.73957445265705246
0.80714257307443404432
0.91043407060263181751
4.2602172200592729467
-1.008643195764269862
-0.014432097424503229077
331.53470087342191164
-0.55565236596424072424
0.92354934909520758346
2.9066041047769393124
-0.6097750092040365999
-0.22631204981115493613
219.87383291132013596
0.73709659324686127579
0.42343741800673634357
2.7210906708425288691
-0.43538831193412663723
-0.053677189650319048764
109.22805106151101029
0.045277693177862975149
0.20260573263257927734
1.1476548037768818933
-0.145766795759522505
-0.10708673018952427625
85.269289302910124206
-1.3652366842546541648
1.1438692786826167858
0.35019516863602606627
-0.014452581597610524369
-0.032667586658473239669
-38.560031905711682043
0.17154241455258303906
-0.079032519063423428696
0.51410600803872719133
0.035559199356768253497
0.031600293166847426285
-56.105894957603027251
-0.5133798880868459813
-0.10367189758085861018
1.0688948210236031144
-0.029995821602900773345
-0.047660360754237927894
-57.860876335779487079
0.24353158231408195133
-0.11268859615335008462
0.88160451560995822806
-0.0071811451825774356983
0.0022846182042931461806
-38.789868982940511444
-0.55487268179552118319
-0.09723908049776279483
0.64602850507161113658
0.012708740312084848903
-0.039836446962370840319
-18.622026521231791918
0.14370729707393600783
0.0010293102533297530856
0.2905070591550680259
-0.024244232138742109056
0.025693016935178843163
-18.173569560688903834
-0.017641451403654001551
-0.090434857985648750556
0.080906794968954739988
-0.014354964027283834485
-0.0055430008074785364763
48.303850810380303926
-0.090314686928389467657
-0.088576187078624635252
-0.31092246510831261785
-0.1072435285403889188
-0.081374003472931208392
77.747298189998133466
0.90594973412371915256
-0.24783266850512622459
-0.39254255965061046751
-0.10589564933556198933
-0.038137878606456773745
72.497092723154352711
-0.27200903856667463243
-0.098334223300176951121
-0.27677774512569286447
-0.041432859637542202025
-0.012690478081028872676
46.708971385459250314
0.52805272054493568312
-0.027806802090473928951
-0.0088135620800062191432
-0.041586867494637747011
0.051968233652608566975
24.414703957273520274
-0.1139762034114003425
-0.10455521951031750139
0.20171680224506574608
-0.040795266778509822747
-0.02602698715768494292
16.310143317229179871
0.0015941924687589157164
0.094019848561068430914
0.19244400960606697359
0.0050995372014778286851
0.033627380547795467092
-0.71349056092660401163
0.028637129267683684997
-0.019716546286620135336
0.054055997283087117711
-0.004034809775278325357
-0.0027794068972158934849
-1.2047319307412953648
0.00097944715924868351077
-0.02963723839347122066
0.082075841836514520922
-0.015971064057805857417
-0.002620512347860269424
-1.0723593379268225867
0.038060285937215838914
-0.014797051313803788811
0.052557715318214758005
-0.0047924644418340153068
-0.0027807183233211330529
-0.66721535878670312769
0.0074585994333986570248
-0.016916646353367512795
0.049606059887869244363
-0.014012110826280574707
-0.011672884367120316476
-0.35894445116209333646
0.01580076615179475813
0.0037987489311164393882
0.01498280501482053377
-0.0036506413888615293906
-0.00057266206501339759257
-0.20525762491266213994
0.013513263083680714452
-0.0098895918241850930969
4.2083688021070437993e-05
-0.0040358903756826597711
-0.0055919973307515281891
