POD_coefficients: 83
-3120.1109841635216071
-1559.8601051936580006
12330.161628542709877
-170.51873874956828558
68.552207999466887145
-516.35562288101868944
29.332100118713931636
-3.4310919405680202487
-59.255240956759564597
8.9527437458135885606
-0.38135206414441369382
-1283145.5818595092278
-10283.167623557790648
16032.30542777451592
55980.062449588418531
4379.6972110867363881
-600.45775492167012999
1121784.1641036164947
-436417.97650879801949
26242.863637301466952
191948.79971733302227
11997.172123296952122
1289.404404196384121
-1039694.8094777859515
-4831.5817194544470112
17369.042074347755261
33813.787464590299351
7356.3355791082794894
-3927.021283788385972
-1134189.2179935523309
-321250.26038183498895
-658.52520474665016081
19914.050803553225705
2665.3588334500868768
-4196.3873932673895979
1590.132115507390381
43.930969121514600317
-26.635854233651024003
-107.33941780871580818
-8.0202834636256401524
14.743362212319247817
-857.30637284880367588
589.42248518588110073
-6.1339030985805260698
-408.70615659739644343
-21.681264686928013674
29.104866734664135208
1365.842824060679277
40.088855986143080656
-0.35397324401158869467
-92.385265047863470045
-11.406620896358271366
27.090656182106307881
1276.7499943995419471
427.08072613118241634
12.209301081647350173
-20.428916380202718273
-0.4193429718746362056
17.752418825313935002
-73.001324253475743831
-3.5759776361750699181
2.5973673118264231086
7.8152802552020093074
-0.35023794815139902559
-1.5937088598267930006
1.9037539107276946204
-30.37291927505077993
-1.134369006602301555
31.835199374339911316
1.370694940267129347
-3.906141606321536397
-64.488977872916976253
-5.0215688347635287769
-1.5796973393061595203
8.4106893217588840628
0.61111654065294429561
-3.6767766830547037316
-48.437886297661570723
-21.813513280938501282
-1.3344053069137626899
1.3984183296599133062
-0.013424279478506634389
-2.427759386772915029
